3.000000000000000000e+00 4.239130434782607537e-01 1.100000000000000000e+01 1.343750000000000000e+00
2.000000000000000000e+00 -5.760869565217392463e-01 2.000000000000000000e+00 -7.656250000000000000e+00
0.000000000000000000e+00 -2.576086956521739246e+00 1.500000000000000000e+01 5.343750000000000000e+00
0.000000000000000000e+00 -2.576086956521739246e+00 6.000000000000000000e+00 -3.656250000000000000e+00
0.000000000000000000e+00 -2.576086956521739246e+00 1.100000000000000000e+01 1.343750000000000000e+00
0.000000000000000000e+00 -2.576086956521739246e+00 0.000000000000000000e+00 -9.656250000000000000e+00
3.000000000000000000e+00 4.239130434782607537e-01 4.000000000000000000e+00 -5.656250000000000000e+00
0.000000000000000000e+00 -2.576086956521739246e+00 4.000000000000000000e+00 -5.656250000000000000e+00
0.000000000000000000e+00 -2.576086956521739246e+00 1.000000000000000000e+01 3.437500000000000000e-01
5.000000000000000000e+00 2.423913043478260754e+00 5.000000000000000000e+00 -4.656250000000000000e+00
0.000000000000000000e+00 -2.576086956521739246e+00 8.000000000000000000e+00 -1.656250000000000000e+00
0.000000000000000000e+00 -2.576086956521739246e+00 8.000000000000000000e+00 -1.656250000000000000e+00
4.000000000000000000e+00 1.423913043478260754e+00 1.200000000000000000e+01 2.343750000000000000e+00
3.000000000000000000e+00 4.239130434782607537e-01 8.000000000000000000e+00 -1.656250000000000000e+00
0.000000000000000000e+00 -2.576086956521739246e+00 6.000000000000000000e+00 -3.656250000000000000e+00
7.000000000000000000e+00 4.423913043478260754e+00 9.000000000000000000e+00 -6.562500000000000000e-01
0.000000000000000000e+00 -2.576086956521739246e+00 1.200000000000000000e+01 2.343750000000000000e+00
7.000000000000000000e+00 4.423913043478260754e+00 7.000000000000000000e+00 -2.656250000000000000e+00
0.000000000000000000e+00 -2.576086956521739246e+00 0.000000000000000000e+00 -9.656250000000000000e+00
8.000000000000000000e+00 5.423913043478260754e+00 1.200000000000000000e+01 2.343750000000000000e+00
0.000000000000000000e+00 -2.576086956521739246e+00 4.000000000000000000e+00 -5.656250000000000000e+00
4.000000000000000000e+00 1.423913043478260754e+00 1.800000000000000000e+01 8.343750000000000000e+00
0.000000000000000000e+00 -2.576086956521739246e+00 1.100000000000000000e+01 1.343750000000000000e+00
8.000000000000000000e+00 5.423913043478260754e+00 1.500000000000000000e+01 5.343750000000000000e+00
8.000000000000000000e+00 5.423913043478260754e+00 8.000000000000000000e+00 -1.656250000000000000e+00
1.000000000000000000e+00 -1.576086956521739246e+00 1.000000000000000000e+00 -8.656250000000000000e+00
0.000000000000000000e+00 -2.576086956521739246e+00 6.000000000000000000e+00 -3.656250000000000000e+00
0.000000000000000000e+00 -2.576086956521739246e+00 1.000000000000000000e+01 3.437500000000000000e-01
0.000000000000000000e+00 -2.576086956521739246e+00 4.000000000000000000e+00 -5.656250000000000000e+00
0.000000000000000000e+00 -2.576086956521739246e+00 1.400000000000000000e+01 4.343750000000000000e+00
1.000000000000000000e+00 -1.576086956521739246e+00 1.400000000000000000e+01 4.343750000000000000e+00
1.000000000000000000e+00 -1.576086956521739246e+00 1.800000000000000000e+01 8.343750000000000000e+00
0.000000000000000000e+00 -2.576086956521739246e+00 1.100000000000000000e+01 1.343750000000000000e+00
4.000000000000000000e+00 1.423913043478260754e+00 4.000000000000000000e+00 -5.656250000000000000e+00
5.000000000000000000e+00 2.423913043478260754e+00 6.000000000000000000e+00 -3.656250000000000000e+00
0.000000000000000000e+00 -2.576086956521739246e+00 2.000000000000000000e+00 -7.656250000000000000e+00
0.000000000000000000e+00 -2.576086956521739246e+00 6.000000000000000000e+00 -3.656250000000000000e+00
0.000000000000000000e+00 -2.576086956521739246e+00 1.600000000000000000e+01 6.343750000000000000e+00
0.000000000000000000e+00 -2.576086956521739246e+00 4.000000000000000000e+00 -5.656250000000000000e+00
4.000000000000000000e+00 1.423913043478260754e+00 8.000000000000000000e+00 -1.656250000000000000e+00
0.000000000000000000e+00 -2.576086956521739246e+00 1.400000000000000000e+01 4.343750000000000000e+00
0.000000000000000000e+00 -2.576086956521739246e+00 6.000000000000000000e+00 -3.656250000000000000e+00
0.000000000000000000e+00 -2.576086956521739246e+00 4.000000000000000000e+00 -5.656250000000000000e+00
0.000000000000000000e+00 -2.576086956521739246e+00 8.000000000000000000e+00 -1.656250000000000000e+00
2.000000000000000000e+00 -5.760869565217392463e-01 2.000000000000000000e+00 -7.656250000000000000e+00
0.000000000000000000e+00 -2.576086956521739246e+00 3.000000000000000000e+00 -6.656250000000000000e+00
0.000000000000000000e+00 -2.576086956521739246e+00 2.000000000000000000e+00 -7.656250000000000000e+00
0.000000000000000000e+00 -2.576086956521739246e+00 2.000000000000000000e+00 -7.656250000000000000e+00
0.000000000000000000e+00 -2.576086956521739246e+00 4.000000000000000000e+00 -5.656250000000000000e+00
1.400000000000000000e+01 1.142391304347826164e+01 1.400000000000000000e+01 4.343750000000000000e+00
0.000000000000000000e+00 -2.576086956521739246e+00 0.000000000000000000e+00 -9.656250000000000000e+00
2.000000000000000000e+00 -5.760869565217392463e-01 2.000000000000000000e+00 -7.656250000000000000e+00
0.000000000000000000e+00 -2.576086956521739246e+00 2.000000000000000000e+00 -7.656250000000000000e+00
0.000000000000000000e+00 -2.576086956521739246e+00 1.600000000000000000e+01 6.343750000000000000e+00
1.000000000000000000e+00 -1.576086956521739246e+00 8.000000000000000000e+00 -1.656250000000000000e+00
2.000000000000000000e+00 -5.760869565217392463e-01 1.500000000000000000e+01 5.343750000000000000e+00
0.000000000000000000e+00 -2.576086956521739246e+00 1.000000000000000000e+00 -8.656250000000000000e+00
0.000000000000000000e+00 -2.576086956521739246e+00 1.400000000000000000e+01 4.343750000000000000e+00
3.000000000000000000e+00 4.239130434782607537e-01 4.000000000000000000e+00 -5.656250000000000000e+00
1.000000000000000000e+00 -1.576086956521739246e+00 4.000000000000000000e+00 -5.656250000000000000e+00
0.000000000000000000e+00 -2.576086956521739246e+00 1.400000000000000000e+01 4.343750000000000000e+00
0.000000000000000000e+00 -2.576086956521739246e+00 8.000000000000000000e+00 -1.656250000000000000e+00
0.000000000000000000e+00 -2.576086956521739246e+00 1.100000000000000000e+01 1.343750000000000000e+00
0.000000000000000000e+00 -2.576086956521739246e+00 9.000000000000000000e+00 -6.562500000000000000e-01
0.000000000000000000e+00 -2.576086956521739246e+00 0.000000000000000000e+00 -9.656250000000000000e+00
2.000000000000000000e+00 -5.760869565217392463e-01 9.000000000000000000e+00 -6.562500000000000000e-01
0.000000000000000000e+00 -2.576086956521739246e+00 4.000000000000000000e+00 -5.656250000000000000e+00
1.100000000000000000e+01 8.423913043478261642e+00 1.100000000000000000e+01 1.343750000000000000e+00
1.600000000000000000e+01 1.342391304347826164e+01 1.600000000000000000e+01 6.343750000000000000e+00
6.000000000000000000e+00 3.423913043478260754e+00 6.000000000000000000e+00 -3.656250000000000000e+00
1.000000000000000000e+00 -1.576086956521739246e+00 4.000000000000000000e+00 -5.656250000000000000e+00
0.000000000000000000e+00 -2.576086956521739246e+00 1.100000000000000000e+01 1.343750000000000000e+00
0.000000000000000000e+00 -2.576086956521739246e+00 9.000000000000000000e+00 -6.562500000000000000e-01
0.000000000000000000e+00 -2.576086956521739246e+00 8.000000000000000000e+00 -1.656250000000000000e+00
0.000000000000000000e+00 -2.576086956521739246e+00 2.800000000000000000e+01 1.834375000000000000e+01
4.000000000000000000e+00 1.423913043478260754e+00 6.000000000000000000e+00 -3.656250000000000000e+00
1.300000000000000000e+01 1.042391304347826164e+01 1.400000000000000000e+01 4.343750000000000000e+00
0.000000000000000000e+00 -2.576086956521739246e+00 5.000000000000000000e+00 -4.656250000000000000e+00
0.000000000000000000e+00 -2.576086956521739246e+00 7.000000000000000000e+00 -2.656250000000000000e+00
0.000000000000000000e+00 -2.576086956521739246e+00 1.100000000000000000e+01 1.343750000000000000e+00
4.000000000000000000e+00 1.423913043478260754e+00 4.000000000000000000e+00 -5.656250000000000000e+00
0.000000000000000000e+00 -2.576086956521739246e+00 2.000000000000000000e+00 -7.656250000000000000e+00
9.000000000000000000e+00 6.423913043478260754e+00 1.100000000000000000e+01 1.343750000000000000e+00
0.000000000000000000e+00 -2.576086956521739246e+00 2.000000000000000000e+00 -7.656250000000000000e+00
0.000000000000000000e+00 -2.576086956521739246e+00 4.000000000000000000e+00 -5.656250000000000000e+00
2.000000000000000000e+00 -5.760869565217392463e-01 1.400000000000000000e+01 4.343750000000000000e+00
0.000000000000000000e+00 -2.576086956521739246e+00 3.000000000000000000e+00 -6.656250000000000000e+00
0.000000000000000000e+00 -2.576086956521739246e+00 0.000000000000000000e+00 -9.656250000000000000e+00
0.000000000000000000e+00 -2.576086956521739246e+00 1.500000000000000000e+01 5.343750000000000000e+00
0.000000000000000000e+00 -2.576086956521739246e+00 4.000000000000000000e+00 -5.656250000000000000e+00
0.000000000000000000e+00 -2.576086956521739246e+00 1.600000000000000000e+01 6.343750000000000000e+00
2.000000000000000000e+00 -5.760869565217392463e-01 1.100000000000000000e+01 1.343750000000000000e+00
0.000000000000000000e+00 -2.576086956521739246e+00 1.100000000000000000e+01 1.343750000000000000e+00
1.200000000000000000e+01 9.423913043478261642e+00 1.400000000000000000e+01 4.343750000000000000e+00
2.000000000000000000e+00 -5.760869565217392463e-01 8.000000000000000000e+00 -1.656250000000000000e+00
0.000000000000000000e+00 -2.576086956521739246e+00 4.000000000000000000e+00 -5.656250000000000000e+00
2.000000000000000000e+00 -5.760869565217392463e-01 6.000000000000000000e+00 -3.656250000000000000e+00
0.000000000000000000e+00 -2.576086956521739246e+00 1.400000000000000000e+01 4.343750000000000000e+00
0.000000000000000000e+00 -2.576086956521739246e+00 2.800000000000000000e+01 1.834375000000000000e+01
1.000000000000000000e+01 7.423913043478260754e+00 1.000000000000000000e+01 3.437500000000000000e-01
0.000000000000000000e+00 -2.576086956521739246e+00 8.000000000000000000e+00 -1.656250000000000000e+00
0.000000000000000000e+00 -2.576086956521739246e+00 1.000000000000000000e+00 -8.656250000000000000e+00
0.000000000000000000e+00 -2.576086956521739246e+00 5.000000000000000000e+00 -4.656250000000000000e+00
0.000000000000000000e+00 -2.576086956521739246e+00 1.100000000000000000e+01 1.343750000000000000e+00
1.000000000000000000e+00 -1.576086956521739246e+00 8.000000000000000000e+00 -1.656250000000000000e+00
0.000000000000000000e+00 -2.576086956521739246e+00 4.000000000000000000e+00 -5.656250000000000000e+00
3.000000000000000000e+00 4.239130434782607537e-01 3.000000000000000000e+00 -6.656250000000000000e+00
2.800000000000000000e+01 2.542391304347826164e+01 2.800000000000000000e+01 1.834375000000000000e+01
1.000000000000000000e+00 -1.576086956521739246e+00 6.000000000000000000e+00 -3.656250000000000000e+00
0.000000000000000000e+00 -2.576086956521739246e+00 0.000000000000000000e+00 -9.656250000000000000e+00
0.000000000000000000e+00 -2.576086956521739246e+00 4.000000000000000000e+00 -5.656250000000000000e+00
0.000000000000000000e+00 -2.576086956521739246e+00 1.400000000000000000e+01 4.343750000000000000e+00
8.000000000000000000e+00 5.423913043478260754e+00 1.100000000000000000e+01 1.343750000000000000e+00
1.300000000000000000e+01 1.042391304347826164e+01 1.800000000000000000e+01 8.343750000000000000e+00
