1.200000000000000000e+01 7.380952380952381375e+00 1.900000000000000000e+01 -8.500000000000000000e+00
1.150000000000000000e+01 7.010204081632653406e+00 1.900000000000000000e+01 -9.125000000000000000e+00
0.000000000000000000e+00 -4.619047619047618625e+00 2.000000000000000000e+01 -7.500000000000000000e+00
0.000000000000000000e+00 -4.489795918367346594e+00 1.800000000000000000e+01 -1.012500000000000000e+01
3.000000000000000000e+00 -1.619047619047618625e+00 1.400000000000000000e+01 -1.350000000000000000e+01
4.000000000000000000e+00 -4.897959183673465944e-01 2.200000000000000000e+01 -6.125000000000000000e+00
6.000000000000000000e+00 1.380952380952381375e+00 3.200000000000000000e+01 4.500000000000000000e+00
3.500000000000000000e+00 -9.897959183673465944e-01 1.600000000000000000e+01 -1.212500000000000000e+01
2.000000000000000000e+00 -2.619047619047618625e+00 1.500000000000000000e+01 -1.250000000000000000e+01
4.000000000000000000e+00 -4.897959183673465944e-01 1.700000000000000000e+01 -1.112500000000000000e+01
3.000000000000000000e+00 -1.619047619047618625e+00 1.600000000000000000e+01 -1.150000000000000000e+01
4.000000000000000000e+00 -4.897959183673465944e-01 2.350000000000000000e+01 -4.625000000000000000e+00
0.000000000000000000e+00 -4.619047619047618625e+00 2.600000000000000000e+01 -1.500000000000000000e+00
0.000000000000000000e+00 -4.489795918367346594e+00 1.400000000000000000e+01 -1.412500000000000000e+01
0.000000000000000000e+00 -4.619047619047618625e+00 3.700000000000000000e+01 9.500000000000000000e+00
0.000000000000000000e+00 -4.489795918367346594e+00 1.350000000000000000e+01 -1.462500000000000000e+01
0.000000000000000000e+00 -4.619047619047618625e+00 1.500000000000000000e+01 -1.250000000000000000e+01
0.000000000000000000e+00 -4.489795918367346594e+00 1.700000000000000000e+01 -1.112500000000000000e+01
0.000000000000000000e+00 -4.619047619047618625e+00 1.400000000000000000e+01 -1.350000000000000000e+01
0.000000000000000000e+00 -4.489795918367346594e+00 2.200000000000000000e+01 -6.125000000000000000e+00
0.000000000000000000e+00 -4.619047619047618625e+00 1.600000000000000000e+01 -1.150000000000000000e+01
0.000000000000000000e+00 -4.489795918367346594e+00 2.350000000000000000e+01 -4.625000000000000000e+00
7.000000000000000000e+00 2.380952380952381375e+00 2.000000000000000000e+01 -7.500000000000000000e+00
5.500000000000000000e+00 1.010204081632653406e+00 2.700000000000000000e+01 -1.125000000000000000e+00
1.900000000000000000e+01 1.438095238095238138e+01 2.500000000000000000e+01 -2.500000000000000000e+00
9.500000000000000000e+00 5.010204081632653406e+00 2.550000000000000000e+01 -2.625000000000000000e+00
9.000000000000000000e+00 4.380952380952381375e+00 2.000000000000000000e+01 -7.500000000000000000e+00
4.500000000000000000e+00 1.020408163265340562e-02 2.950000000000000000e+01 1.375000000000000000e+00
1.500000000000000000e+01 1.038095238095238138e+01 2.600000000000000000e+01 -1.500000000000000000e+00
9.500000000000000000e+00 5.010204081632653406e+00 1.300000000000000000e+01 -1.512500000000000000e+01
1.000000000000000000e+00 -3.619047619047618625e+00 2.600000000000000000e+01 -1.500000000000000000e+00
5.000000000000000000e-01 -3.989795918367346594e+00 1.400000000000000000e+01 -1.412500000000000000e+01
7.000000000000000000e+00 2.380952380952381375e+00 1.200000000000000000e+01 -1.550000000000000000e+01
9.500000000000000000e+00 5.010204081632653406e+00 1.800000000000000000e+01 -1.012500000000000000e+01
0.000000000000000000e+00 -4.619047619047618625e+00 3.700000000000000000e+01 9.500000000000000000e+00
0.000000000000000000e+00 -4.489795918367346594e+00 1.350000000000000000e+01 -1.462500000000000000e+01
0.000000000000000000e+00 -4.619047619047618625e+00 2.800000000000000000e+01 5.000000000000000000e-01
0.000000000000000000e+00 -4.489795918367346594e+00 3.400000000000000000e+01 5.875000000000000000e+00
9.000000000000000000e+00 4.380952380952381375e+00 1.200000000000000000e+01 -1.550000000000000000e+01
8.500000000000000000e+00 4.010204081632653406e+00 1.800000000000000000e+01 -1.012500000000000000e+01
0.000000000000000000e+00 -4.619047619047618625e+00 1.500000000000000000e+01 -1.250000000000000000e+01
0.000000000000000000e+00 -4.489795918367346594e+00 2.100000000000000000e+01 -7.125000000000000000e+00
0.000000000000000000e+00 -4.619047619047618625e+00 2.300000000000000000e+01 -4.500000000000000000e+00
0.000000000000000000e+00 -4.489795918367346594e+00 1.350000000000000000e+01 -1.462500000000000000e+01
0.000000000000000000e+00 -4.619047619047618625e+00 2.300000000000000000e+01 -4.500000000000000000e+00
0.000000000000000000e+00 -4.489795918367346594e+00 1.350000000000000000e+01 -1.462500000000000000e+01
0.000000000000000000e+00 -4.619047619047618625e+00 2.400000000000000000e+01 -3.500000000000000000e+00
1.000000000000000000e+00 -3.489795918367346594e+00 1.200000000000000000e+01 -1.612500000000000000e+01
0.000000000000000000e+00 -4.619047619047618625e+00 1.900000000000000000e+01 -8.500000000000000000e+00
0.000000000000000000e+00 -4.489795918367346594e+00 2.050000000000000000e+01 -7.625000000000000000e+00
0.000000000000000000e+00 -4.619047619047618625e+00 1.900000000000000000e+01 -8.500000000000000000e+00
0.000000000000000000e+00 -4.489795918367346594e+00 2.050000000000000000e+01 -7.625000000000000000e+00
3.000000000000000000e+00 -1.619047619047618625e+00 2.600000000000000000e+01 -1.500000000000000000e+00
1.500000000000000000e+00 -2.989795918367346594e+00 1.400000000000000000e+01 -1.412500000000000000e+01
0.000000000000000000e+00 -4.619047619047618625e+00 4.000000000000000000e+00 -2.350000000000000000e+01
1.000000000000000000e+00 -3.489795918367346594e+00 1.700000000000000000e+01 -1.112500000000000000e+01
0.000000000000000000e+00 -4.619047619047618625e+00 2.400000000000000000e+01 -3.500000000000000000e+00
0.000000000000000000e+00 -4.489795918367346594e+00 1.200000000000000000e+01 -1.612500000000000000e+01
0.000000000000000000e+00 -4.619047619047618625e+00 4.000000000000000000e+01 1.250000000000000000e+01
0.000000000000000000e+00 -4.489795918367346594e+00 2.350000000000000000e+01 -4.625000000000000000e+00
3.000000000000000000e+00 -1.619047619047618625e+00 2.000000000000000000e+01 -7.500000000000000000e+00
1.500000000000000000e+00 -2.989795918367346594e+00 1.800000000000000000e+01 -1.012500000000000000e+01
3.000000000000000000e+00 -1.619047619047618625e+00 2.600000000000000000e+01 -1.500000000000000000e+00
4.500000000000000000e+00 1.020408163265340562e-02 1.300000000000000000e+01 -1.512500000000000000e+01
0.000000000000000000e+00 -4.619047619047618625e+00 1.300000000000000000e+01 -1.450000000000000000e+01
0.000000000000000000e+00 -4.489795918367346594e+00 1.700000000000000000e+01 -1.112500000000000000e+01
0.000000000000000000e+00 -4.619047619047618625e+00 1.400000000000000000e+01 -1.350000000000000000e+01
0.000000000000000000e+00 -4.489795918367346594e+00 2.200000000000000000e+01 -6.125000000000000000e+00
0.000000000000000000e+00 -4.619047619047618625e+00 2.300000000000000000e+01 -4.500000000000000000e+00
0.000000000000000000e+00 -4.489795918367346594e+00 2.550000000000000000e+01 -2.625000000000000000e+00
0.000000000000000000e+00 -4.619047619047618625e+00 1.300000000000000000e+01 -1.450000000000000000e+01
0.000000000000000000e+00 -4.489795918367346594e+00 2.300000000000000000e+01 -5.125000000000000000e+00
0.000000000000000000e+00 -4.619047619047618625e+00 1.900000000000000000e+01 -8.500000000000000000e+00
0.000000000000000000e+00 -4.489795918367346594e+00 1.900000000000000000e+01 -9.125000000000000000e+00
1.500000000000000000e+01 1.038095238095238138e+01 2.100000000000000000e+01 -6.500000000000000000e+00
1.250000000000000000e+01 8.010204081632654294e+00 1.200000000000000000e+01 -1.612500000000000000e+01
9.000000000000000000e+00 4.380952380952381375e+00 3.700000000000000000e+01 9.500000000000000000e+00
7.000000000000000000e+00 2.510204081632653406e+00 1.350000000000000000e+01 -1.462500000000000000e+01
1.100000000000000000e+01 6.380952380952381375e+00 2.300000000000000000e+01 -4.500000000000000000e+00
6.000000000000000000e+00 1.510204081632653406e+00 2.550000000000000000e+01 -2.625000000000000000e+00
0.000000000000000000e+00 -4.619047619047618625e+00 1.400000000000000000e+01 -1.350000000000000000e+01
0.000000000000000000e+00 -4.489795918367346594e+00 1.600000000000000000e+01 -1.212500000000000000e+01
3.000000000000000000e+00 -1.619047619047618625e+00 1.300000000000000000e+01 -1.450000000000000000e+01
1.500000000000000000e+00 -2.989795918367346594e+00 1.700000000000000000e+01 -1.112500000000000000e+01
8.000000000000000000e+00 3.380952380952381375e+00 2.800000000000000000e+01 5.000000000000000000e-01
1.700000000000000000e+01 1.251020408163265429e+01 3.400000000000000000e+01 5.875000000000000000e+00
9.000000000000000000e+00 4.380952380952381375e+00 2.600000000000000000e+01 -1.500000000000000000e+00
4.500000000000000000e+00 1.020408163265340562e-02 1.950000000000000000e+01 -8.625000000000000000e+00
1.000000000000000000e+00 -3.619047619047618625e+00 2.500000000000000000e+01 -2.500000000000000000e+00
3.000000000000000000e+00 -1.489795918367346594e+00 2.550000000000000000e+01 -2.625000000000000000e+00
1.100000000000000000e+01 6.380952380952381375e+00 2.600000000000000000e+01 -1.500000000000000000e+00
6.500000000000000000e+00 2.010204081632653406e+00 1.450000000000000000e+01 -1.362500000000000000e+01
2.000000000000000000e+00 -2.619047619047618625e+00 1.600000000000000000e+01 -1.150000000000000000e+01
4.000000000000000000e+00 -4.897959183673465944e-01 2.350000000000000000e+01 -4.625000000000000000e+00
0.000000000000000000e+00 -4.619047619047618625e+00 1.000000000000000000e+01 -1.750000000000000000e+01
5.000000000000000000e-01 -3.989795918367346594e+00 1.500000000000000000e+01 -1.312500000000000000e+01
0.000000000000000000e+00 -4.619047619047618625e+00 2.600000000000000000e+01 -1.500000000000000000e+00
0.000000000000000000e+00 -4.489795918367346594e+00 1.400000000000000000e+01 -1.412500000000000000e+01
7.000000000000000000e+00 2.380952380952381375e+00 1.500000000000000000e+01 -1.250000000000000000e+01
4.000000000000000000e+00 -4.897959183673465944e-01 1.700000000000000000e+01 -1.112500000000000000e+01
0.000000000000000000e+00 -4.619047619047618625e+00 2.500000000000000000e+01 -2.500000000000000000e+00
0.000000000000000000e+00 -4.489795918367346594e+00 2.550000000000000000e+01 -2.625000000000000000e+00
3.000000000000000000e+00 -1.619047619047618625e+00 2.900000000000000000e+01 1.500000000000000000e+00
5.000000000000000000e-01 -3.989795918367346594e+00 1.900000000000000000e+01 -9.125000000000000000e+00
9.000000000000000000e+00 4.380952380952381375e+00 2.200000000000000000e+01 -5.500000000000000000e+00
5.500000000000000000e+00 1.010204081632653406e+00 2.050000000000000000e+01 -7.625000000000000000e+00
0.000000000000000000e+00 -4.619047619047618625e+00 3.200000000000000000e+01 4.500000000000000000e+00
0.000000000000000000e+00 -4.489795918367346594e+00 1.600000000000000000e+01 -1.212500000000000000e+01
9.000000000000000000e+00 4.380952380952381375e+00 1.900000000000000000e+01 -8.500000000000000000e+00
4.500000000000000000e+00 1.020408163265340562e-02 2.050000000000000000e+01 -7.625000000000000000e+00
0.000000000000000000e+00 -4.619047619047618625e+00 1.700000000000000000e+01 -1.050000000000000000e+01
0.000000000000000000e+00 -4.489795918367346594e+00 2.000000000000000000e+01 -8.125000000000000000e+00
7.000000000000000000e+00 2.380952380952381375e+00 1.300000000000000000e+01 -1.450000000000000000e+01
3.500000000000000000e+00 -9.897959183673465944e-01 1.700000000000000000e+01 -1.112500000000000000e+01
1.400000000000000000e+01 9.380952380952381375e+00 2.300000000000000000e+01 -4.500000000000000000e+00
1.100000000000000000e+01 6.510204081632653406e+00 1.350000000000000000e+01 -1.462500000000000000e+01
0.000000000000000000e+00 -4.619047619047618625e+00 2.000000000000000000e+01 -7.500000000000000000e+00
0.000000000000000000e+00 -4.489795918367346594e+00 2.700000000000000000e+01 -1.125000000000000000e+00
9.000000000000000000e+00 4.380952380952381375e+00 4.000000000000000000e+01 1.250000000000000000e+01
1.150000000000000000e+01 7.010204081632653406e+00 2.350000000000000000e+01 -4.625000000000000000e+00
0.000000000000000000e+00 -4.619047619047618625e+00 1.200000000000000000e+01 -1.550000000000000000e+01
0.000000000000000000e+00 -4.489795918367346594e+00 1.800000000000000000e+01 -1.012500000000000000e+01
0.000000000000000000e+00 -4.619047619047618625e+00 2.600000000000000000e+01 -1.500000000000000000e+00
5.000000000000000000e-01 -3.989795918367346594e+00 1.300000000000000000e+01 -1.512500000000000000e+01
0.000000000000000000e+00 -4.619047619047618625e+00 1.700000000000000000e+01 -1.050000000000000000e+01
5.000000000000000000e-01 -3.989795918367346594e+00 2.000000000000000000e+01 -8.125000000000000000e+00
1.000000000000000000e+00 -3.619047619047618625e+00 2.100000000000000000e+01 -6.500000000000000000e+00
5.000000000000000000e-01 -3.989795918367346594e+00 1.200000000000000000e+01 -1.612500000000000000e+01
2.000000000000000000e+00 -2.619047619047618625e+00 2.300000000000000000e+01 -4.500000000000000000e+00
3.500000000000000000e+00 -9.897959183673465944e-01 2.550000000000000000e+01 -2.625000000000000000e+00
0.000000000000000000e+00 -4.619047619047618625e+00 1.500000000000000000e+01 -1.250000000000000000e+01
0.000000000000000000e+00 -4.489795918367346594e+00 1.700000000000000000e+01 -1.112500000000000000e+01
1.000000000000000000e+00 -3.619047619047618625e+00 2.000000000000000000e+01 -7.500000000000000000e+00
1.000000000000000000e+00 -3.489795918367346594e+00 2.950000000000000000e+01 1.375000000000000000e+00
0.000000000000000000e+00 -4.619047619047618625e+00 2.000000000000000000e+01 -7.500000000000000000e+00
0.000000000000000000e+00 -4.489795918367346594e+00 2.700000000000000000e+01 -1.125000000000000000e+00
0.000000000000000000e+00 -4.619047619047618625e+00 4.000000000000000000e+00 -2.350000000000000000e+01
0.000000000000000000e+00 -4.489795918367346594e+00 1.700000000000000000e+01 -1.112500000000000000e+01
0.000000000000000000e+00 -4.619047619047618625e+00 1.500000000000000000e+01 -1.250000000000000000e+01
0.000000000000000000e+00 -4.489795918367346594e+00 1.700000000000000000e+01 -1.112500000000000000e+01
2.000000000000000000e+00 -2.619047619047618625e+00 1.900000000000000000e+01 -8.500000000000000000e+00
2.500000000000000000e+00 -1.989795918367346594e+00 1.900000000000000000e+01 -9.125000000000000000e+00
0.000000000000000000e+00 -4.619047619047618625e+00 1.900000000000000000e+01 -8.500000000000000000e+00
1.000000000000000000e+00 -3.489795918367346594e+00 1.900000000000000000e+01 -9.125000000000000000e+00
1.000000000000000000e+01 5.380952380952381375e+00 2.400000000000000000e+01 -3.500000000000000000e+00
6.500000000000000000e+00 2.010204081632653406e+00 1.200000000000000000e+01 -1.612500000000000000e+01
5.000000000000000000e+00 3.809523809523813753e-01 2.600000000000000000e+01 -1.500000000000000000e+00
2.500000000000000000e+00 -1.989795918367346594e+00 1.450000000000000000e+01 -1.362500000000000000e+01
0.000000000000000000e+00 -4.619047619047618625e+00 1.400000000000000000e+01 -1.350000000000000000e+01
0.000000000000000000e+00 -4.489795918367346594e+00 1.600000000000000000e+01 -1.212500000000000000e+01
0.000000000000000000e+00 -4.619047619047618625e+00 4.000000000000000000e+00 -2.350000000000000000e+01
0.000000000000000000e+00 -4.489795918367346594e+00 1.700000000000000000e+01 -1.112500000000000000e+01
2.000000000000000000e+00 -2.619047619047618625e+00 2.000000000000000000e+01 -7.500000000000000000e+00
2.000000000000000000e+00 -2.489795918367346594e+00 2.700000000000000000e+01 -1.125000000000000000e+00
0.000000000000000000e+00 -4.619047619047618625e+00 3.100000000000000000e+01 3.500000000000000000e+00
0.000000000000000000e+00 -4.489795918367346594e+00 1.750000000000000000e+01 -1.062500000000000000e+01
3.000000000000000000e+00 -1.619047619047618625e+00 2.400000000000000000e+01 -3.500000000000000000e+00
3.000000000000000000e+00 -1.489795918367346594e+00 1.200000000000000000e+01 -1.612500000000000000e+01
0.000000000000000000e+00 -4.619047619047618625e+00 1.700000000000000000e+01 -1.050000000000000000e+01
0.000000000000000000e+00 -4.489795918367346594e+00 2.000000000000000000e+01 -8.125000000000000000e+00
6.000000000000000000e+00 1.380952380952381375e+00 1.500000000000000000e+01 -1.250000000000000000e+01
3.500000000000000000e+00 -9.897959183673465944e-01 1.700000000000000000e+01 -1.112500000000000000e+01
0.000000000000000000e+00 -4.619047619047618625e+00 2.600000000000000000e+01 -1.500000000000000000e+00
0.000000000000000000e+00 -4.489795918367346594e+00 1.950000000000000000e+01 -8.625000000000000000e+00
0.000000000000000000e+00 -4.619047619047618625e+00 2.500000000000000000e+01 -2.500000000000000000e+00
2.000000000000000000e+00 -2.489795918367346594e+00 2.550000000000000000e+01 -2.625000000000000000e+00
0.000000000000000000e+00 -4.619047619047618625e+00 2.900000000000000000e+01 1.500000000000000000e+00
0.000000000000000000e+00 -4.489795918367346594e+00 1.900000000000000000e+01 -9.125000000000000000e+00
4.000000000000000000e+00 -6.190476190476186247e-01 2.200000000000000000e+01 -5.500000000000000000e+00
5.000000000000000000e+00 5.102040816326534056e-01 2.050000000000000000e+01 -7.625000000000000000e+00
1.100000000000000000e+01 6.380952380952381375e+00 1.600000000000000000e+01 -1.150000000000000000e+01
5.500000000000000000e+00 1.010204081632653406e+00 2.350000000000000000e+01 -4.625000000000000000e+00
0.000000000000000000e+00 -4.619047619047618625e+00 2.600000000000000000e+01 -1.500000000000000000e+00
0.000000000000000000e+00 -4.489795918367346594e+00 1.300000000000000000e+01 -1.512500000000000000e+01
1.800000000000000000e+01 1.338095238095238138e+01 3.100000000000000000e+01 3.500000000000000000e+00
1.150000000000000000e+01 7.010204081632653406e+00 1.750000000000000000e+01 -1.062500000000000000e+01
1.100000000000000000e+01 6.380952380952381375e+00 2.000000000000000000e+01 -7.500000000000000000e+00
1.650000000000000000e+01 1.201020408163265429e+01 2.700000000000000000e+01 -1.125000000000000000e+00
0.000000000000000000e+00 -4.619047619047618625e+00 1.300000000000000000e+01 -1.450000000000000000e+01
0.000000000000000000e+00 -4.489795918367346594e+00 2.300000000000000000e+01 -5.125000000000000000e+00
5.000000000000000000e+00 3.809523809523813753e-01 2.600000000000000000e+01 -1.500000000000000000e+00
1.050000000000000000e+01 6.010204081632653406e+00 1.450000000000000000e+01 -1.362500000000000000e+01
9.000000000000000000e+00 4.380952380952381375e+00 1.400000000000000000e+01 -1.350000000000000000e+01
6.000000000000000000e+00 1.510204081632653406e+00 1.600000000000000000e+01 -1.212500000000000000e+01
4.000000000000000000e+00 -6.190476190476186247e-01 2.600000000000000000e+01 -1.500000000000000000e+00
2.500000000000000000e+00 -1.989795918367346594e+00 1.450000000000000000e+01 -1.362500000000000000e+01
2.000000000000000000e+00 -2.619047619047618625e+00 1.000000000000000000e+01 -1.750000000000000000e+01
1.000000000000000000e+00 -3.489795918367346594e+00 1.500000000000000000e+01 -1.312500000000000000e+01
2.000000000000000000e+00 -2.619047619047618625e+00 4.000000000000000000e+00 -2.350000000000000000e+01
1.500000000000000000e+00 -2.989795918367346594e+00 1.700000000000000000e+01 -1.112500000000000000e+01
0.000000000000000000e+00 -4.619047619047618625e+00 2.300000000000000000e+01 -4.500000000000000000e+00
0.000000000000000000e+00 -4.489795918367346594e+00 1.350000000000000000e+01 -1.462500000000000000e+01
0.000000000000000000e+00 -4.619047619047618625e+00 2.600000000000000000e+01 -1.500000000000000000e+00
0.000000000000000000e+00 -4.489795918367346594e+00 1.950000000000000000e+01 -8.625000000000000000e+00
0.000000000000000000e+00 -4.619047619047618625e+00 2.600000000000000000e+01 -1.500000000000000000e+00
5.500000000000000000e+00 1.010204081632653406e+00 1.300000000000000000e+01 -1.512500000000000000e+01
3.000000000000000000e+00 -1.619047619047618625e+00 2.100000000000000000e+01 -6.500000000000000000e+00
2.000000000000000000e+00 -2.489795918367346594e+00 1.200000000000000000e+01 -1.612500000000000000e+01
0.000000000000000000e+00 -4.619047619047618625e+00 2.900000000000000000e+01 1.500000000000000000e+00
0.000000000000000000e+00 -4.489795918367346594e+00 1.900000000000000000e+01 -9.125000000000000000e+00
3.000000000000000000e+00 -1.619047619047618625e+00 1.200000000000000000e+01 -1.550000000000000000e+01
4.000000000000000000e+00 -4.897959183673465944e-01 1.800000000000000000e+01 -1.012500000000000000e+01
5.000000000000000000e+00 3.809523809523813753e-01 2.600000000000000000e+01 -1.500000000000000000e+00
3.000000000000000000e+00 -1.489795918367346594e+00 1.400000000000000000e+01 -1.412500000000000000e+01
3.000000000000000000e+00 -1.619047619047618625e+00 1.300000000000000000e+01 -1.450000000000000000e+01
1.000000000000000000e+01 5.510204081632653406e+00 1.700000000000000000e+01 -1.112500000000000000e+01
1.700000000000000000e+01 1.238095238095238138e+01 2.600000000000000000e+01 -1.500000000000000000e+00
1.200000000000000000e+01 7.510204081632653406e+00 1.400000000000000000e+01 -1.412500000000000000e+01
1.000000000000000000e+00 -3.619047619047618625e+00 2.600000000000000000e+01 -1.500000000000000000e+00
5.000000000000000000e-01 -3.989795918367346594e+00 1.450000000000000000e+01 -1.362500000000000000e+01
0.000000000000000000e+00 -4.619047619047618625e+00 2.600000000000000000e+01 -1.500000000000000000e+00
1.500000000000000000e+00 -2.989795918367346594e+00 1.950000000000000000e+01 -8.625000000000000000e+00
2.000000000000000000e+00 -2.619047619047618625e+00 2.300000000000000000e+01 -4.500000000000000000e+00
4.000000000000000000e+00 -4.897959183673465944e-01 2.550000000000000000e+01 -2.625000000000000000e+00
1.000000000000000000e+01 5.380952380952381375e+00 2.000000000000000000e+01 -7.500000000000000000e+00
5.000000000000000000e+00 5.102040816326534056e-01 1.800000000000000000e+01 -1.012500000000000000e+01
0.000000000000000000e+00 -4.619047619047618625e+00 4.000000000000000000e+00 -2.350000000000000000e+01
0.000000000000000000e+00 -4.489795918367346594e+00 1.700000000000000000e+01 -1.112500000000000000e+01
3.000000000000000000e+00 -1.619047619047618625e+00 3.200000000000000000e+01 4.500000000000000000e+00
1.500000000000000000e+00 -2.989795918367346594e+00 1.600000000000000000e+01 -1.212500000000000000e+01
8.000000000000000000e+00 3.380952380952381375e+00 2.000000000000000000e+01 -7.500000000000000000e+00
7.500000000000000000e+00 3.010204081632653406e+00 2.950000000000000000e+01 1.375000000000000000e+00
0.000000000000000000e+00 -4.619047619047618625e+00 1.500000000000000000e+01 -1.250000000000000000e+01
0.000000000000000000e+00 -4.489795918367346594e+00 2.100000000000000000e+01 -7.125000000000000000e+00
0.000000000000000000e+00 -4.619047619047618625e+00 1.300000000000000000e+01 -1.450000000000000000e+01
0.000000000000000000e+00 -4.489795918367346594e+00 1.700000000000000000e+01 -1.112500000000000000e+01
2.000000000000000000e+00 -2.619047619047618625e+00 2.000000000000000000e+01 -7.500000000000000000e+00
6.000000000000000000e+00 1.510204081632653406e+00 2.950000000000000000e+01 1.375000000000000000e+00
6.000000000000000000e+00 1.380952380952381375e+00 4.000000000000000000e+01 1.250000000000000000e+01
4.500000000000000000e+00 1.020408163265340562e-02 2.350000000000000000e+01 -4.625000000000000000e+00
0.000000000000000000e+00 -4.619047619047618625e+00 3.200000000000000000e+01 4.500000000000000000e+00
3.500000000000000000e+00 -9.897959183673465944e-01 1.600000000000000000e+01 -1.212500000000000000e+01
0.000000000000000000e+00 -4.619047619047618625e+00 1.000000000000000000e+01 -1.750000000000000000e+01
2.000000000000000000e+00 -2.489795918367346594e+00 1.500000000000000000e+01 -1.312500000000000000e+01
9.000000000000000000e+00 4.380952380952381375e+00 4.000000000000000000e+01 1.250000000000000000e+01
4.500000000000000000e+00 1.020408163265340562e-02 2.350000000000000000e+01 -4.625000000000000000e+00
8.000000000000000000e+00 3.380952380952381375e+00 1.000000000000000000e+01 -1.750000000000000000e+01
4.500000000000000000e+00 1.020408163265340562e-02 1.500000000000000000e+01 -1.312500000000000000e+01
9.000000000000000000e+00 4.380952380952381375e+00 2.000000000000000000e+01 -7.500000000000000000e+00
1.200000000000000000e+01 7.510204081632653406e+00 1.800000000000000000e+01 -1.012500000000000000e+01
4.000000000000000000e+00 -6.190476190476186247e-01 1.300000000000000000e+01 -1.450000000000000000e+01
8.000000000000000000e+00 3.510204081632653406e+00 2.300000000000000000e+01 -5.125000000000000000e+00
0.000000000000000000e+00 -4.619047619047618625e+00 1.300000000000000000e+01 -1.450000000000000000e+01
0.000000000000000000e+00 -4.489795918367346594e+00 2.300000000000000000e+01 -5.125000000000000000e+00
0.000000000000000000e+00 -4.619047619047618625e+00 2.300000000000000000e+01 -4.500000000000000000e+00
0.000000000000000000e+00 -4.489795918367346594e+00 1.350000000000000000e+01 -1.462500000000000000e+01
0.000000000000000000e+00 -4.619047619047618625e+00 3.200000000000000000e+01 4.500000000000000000e+00
0.000000000000000000e+00 -4.489795918367346594e+00 1.600000000000000000e+01 -1.212500000000000000e+01
0.000000000000000000e+00 -4.619047619047618625e+00 2.200000000000000000e+01 -5.500000000000000000e+00
5.000000000000000000e-01 -3.989795918367346594e+00 2.050000000000000000e+01 -7.625000000000000000e+00
3.000000000000000000e+00 -1.619047619047618625e+00 1.400000000000000000e+01 -1.350000000000000000e+01
3.500000000000000000e+00 -9.897959183673465944e-01 2.200000000000000000e+01 -6.125000000000000000e+00
0.000000000000000000e+00 -4.619047619047618625e+00 4.000000000000000000e+00 -2.350000000000000000e+01
4.500000000000000000e+00 1.020408163265340562e-02 1.700000000000000000e+01 -1.112500000000000000e+01
0.000000000000000000e+00 -4.619047619047618625e+00 1.600000000000000000e+01 -1.150000000000000000e+01
0.000000000000000000e+00 -4.489795918367346594e+00 2.350000000000000000e+01 -4.625000000000000000e+00
0.000000000000000000e+00 -4.619047619047618625e+00 2.100000000000000000e+01 -6.500000000000000000e+00
0.000000000000000000e+00 -4.489795918367346594e+00 1.200000000000000000e+01 -1.612500000000000000e+01
0.000000000000000000e+00 -4.619047619047618625e+00 3.200000000000000000e+01 4.500000000000000000e+00
0.000000000000000000e+00 -4.489795918367346594e+00 1.600000000000000000e+01 -1.212500000000000000e+01
8.000000000000000000e+00 3.380952380952381375e+00 2.300000000000000000e+01 -4.500000000000000000e+00
5.000000000000000000e+00 5.102040816326534056e-01 2.550000000000000000e+01 -2.625000000000000000e+00
2.000000000000000000e+00 -2.619047619047618625e+00 4.000000000000000000e+00 -2.350000000000000000e+01
4.000000000000000000e+00 -4.897959183673465944e-01 1.700000000000000000e+01 -1.112500000000000000e+01
0.000000000000000000e+00 -4.619047619047618625e+00 2.800000000000000000e+01 5.000000000000000000e-01
2.500000000000000000e+00 -1.989795918367346594e+00 3.400000000000000000e+01 5.875000000000000000e+00
0.000000000000000000e+00 -4.619047619047618625e+00 2.900000000000000000e+01 1.500000000000000000e+00
0.000000000000000000e+00 -4.489795918367346594e+00 1.900000000000000000e+01 -9.125000000000000000e+00
2.300000000000000000e+01 1.838095238095237960e+01 3.200000000000000000e+01 4.500000000000000000e+00
1.200000000000000000e+01 7.510204081632653406e+00 1.600000000000000000e+01 -1.212500000000000000e+01
0.000000000000000000e+00 -4.619047619047618625e+00 1.900000000000000000e+01 -8.500000000000000000e+00
0.000000000000000000e+00 -4.489795918367346594e+00 2.050000000000000000e+01 -7.625000000000000000e+00
9.000000000000000000e+00 4.380952380952381375e+00 2.900000000000000000e+01 1.500000000000000000e+00
7.000000000000000000e+00 2.510204081632653406e+00 1.900000000000000000e+01 -9.125000000000000000e+00
0.000000000000000000e+00 -4.619047619047618625e+00 1.900000000000000000e+01 -8.500000000000000000e+00
5.000000000000000000e-01 -3.989795918367346594e+00 2.050000000000000000e+01 -7.625000000000000000e+00
1.000000000000000000e+00 -3.619047619047618625e+00 1.700000000000000000e+01 -1.050000000000000000e+01
5.000000000000000000e-01 -3.989795918367346594e+00 2.000000000000000000e+01 -8.125000000000000000e+00
0.000000000000000000e+00 -4.619047619047618625e+00 1.400000000000000000e+01 -1.350000000000000000e+01
0.000000000000000000e+00 -4.489795918367346594e+00 2.200000000000000000e+01 -6.125000000000000000e+00
1.000000000000000000e+00 -3.619047619047618625e+00 1.200000000000000000e+01 -1.550000000000000000e+01
5.000000000000000000e-01 -3.989795918367346594e+00 1.800000000000000000e+01 -1.012500000000000000e+01
0.000000000000000000e+00 -4.619047619047618625e+00 1.300000000000000000e+01 -1.450000000000000000e+01
0.000000000000000000e+00 -4.489795918367346594e+00 1.700000000000000000e+01 -1.112500000000000000e+01
0.000000000000000000e+00 -4.619047619047618625e+00 1.500000000000000000e+01 -1.250000000000000000e+01
2.500000000000000000e+00 -1.989795918367346594e+00 1.700000000000000000e+01 -1.112500000000000000e+01
0.000000000000000000e+00 -4.619047619047618625e+00 2.500000000000000000e+01 -2.500000000000000000e+00
0.000000000000000000e+00 -4.489795918367346594e+00 2.550000000000000000e+01 -2.625000000000000000e+00
1.000000000000000000e+00 -3.619047619047618625e+00 1.300000000000000000e+01 -1.450000000000000000e+01
5.000000000000000000e-01 -3.989795918367346594e+00 2.300000000000000000e+01 -5.125000000000000000e+00
1.000000000000000000e+00 -3.619047619047618625e+00 1.900000000000000000e+01 -8.500000000000000000e+00
2.000000000000000000e+00 -2.489795918367346594e+00 2.050000000000000000e+01 -7.625000000000000000e+00
0.000000000000000000e+00 -4.619047619047618625e+00 1.700000000000000000e+01 -1.050000000000000000e+01
0.000000000000000000e+00 -4.489795918367346594e+00 2.000000000000000000e+01 -8.125000000000000000e+00
0.000000000000000000e+00 -4.619047619047618625e+00 2.800000000000000000e+01 5.000000000000000000e-01
0.000000000000000000e+00 -4.489795918367346594e+00 3.400000000000000000e+01 5.875000000000000000e+00
1.100000000000000000e+01 6.380952380952381375e+00 2.800000000000000000e+01 5.000000000000000000e-01
1.400000000000000000e+01 9.510204081632654294e+00 3.400000000000000000e+01 5.875000000000000000e+00
1.100000000000000000e+01 6.380952380952381375e+00 1.700000000000000000e+01 -1.050000000000000000e+01
1.250000000000000000e+01 8.010204081632654294e+00 2.000000000000000000e+01 -8.125000000000000000e+00
0.000000000000000000e+00 -4.619047619047618625e+00 2.000000000000000000e+01 -7.500000000000000000e+00
0.000000000000000000e+00 -4.489795918367346594e+00 2.950000000000000000e+01 1.375000000000000000e+00
0.000000000000000000e+00 -4.619047619047618625e+00 2.000000000000000000e+01 -7.500000000000000000e+00
0.000000000000000000e+00 -4.489795918367346594e+00 2.950000000000000000e+01 1.375000000000000000e+00
0.000000000000000000e+00 -4.619047619047618625e+00 2.600000000000000000e+01 -1.500000000000000000e+00
0.000000000000000000e+00 -4.489795918367346594e+00 1.950000000000000000e+01 -8.625000000000000000e+00
0.000000000000000000e+00 -4.619047619047618625e+00 2.800000000000000000e+01 5.000000000000000000e-01
0.000000000000000000e+00 -4.489795918367346594e+00 3.400000000000000000e+01 5.875000000000000000e+00
2.800000000000000000e+01 2.338095238095237960e+01 3.700000000000000000e+01 9.500000000000000000e+00
1.800000000000000000e+01 1.351020408163265429e+01 1.350000000000000000e+01 -1.462500000000000000e+01
0.000000000000000000e+00 -4.619047619047618625e+00 2.600000000000000000e+01 -1.500000000000000000e+00
1.000000000000000000e+00 -3.489795918367346594e+00 1.950000000000000000e+01 -8.625000000000000000e+00
0.000000000000000000e+00 -4.619047619047618625e+00 1.400000000000000000e+01 -1.350000000000000000e+01
0.000000000000000000e+00 -4.489795918367346594e+00 1.600000000000000000e+01 -1.212500000000000000e+01
8.000000000000000000e+00 3.380952380952381375e+00 1.300000000000000000e+01 -1.450000000000000000e+01
9.000000000000000000e+00 4.510204081632653406e+00 2.300000000000000000e+01 -5.125000000000000000e+00
3.000000000000000000e+00 -1.619047619047618625e+00 1.500000000000000000e+01 -1.250000000000000000e+01
2.500000000000000000e+00 -1.989795918367346594e+00 2.100000000000000000e+01 -7.125000000000000000e+00
0.000000000000000000e+00 -4.619047619047618625e+00 2.100000000000000000e+01 -6.500000000000000000e+00
0.000000000000000000e+00 -4.489795918367346594e+00 1.200000000000000000e+01 -1.612500000000000000e+01
0.000000000000000000e+00 -4.619047619047618625e+00 1.000000000000000000e+01 -1.750000000000000000e+01
1.000000000000000000e+00 -3.489795918367346594e+00 1.500000000000000000e+01 -1.312500000000000000e+01
0.000000000000000000e+00 -4.619047619047618625e+00 1.900000000000000000e+01 -8.500000000000000000e+00
1.000000000000000000e+00 -3.489795918367346594e+00 1.900000000000000000e+01 -9.125000000000000000e+00
0.000000000000000000e+00 -4.619047619047618625e+00 2.000000000000000000e+01 -7.500000000000000000e+00
2.000000000000000000e+00 -2.489795918367346594e+00 1.800000000000000000e+01 -1.012500000000000000e+01
1.400000000000000000e+01 9.380952380952381375e+00 2.600000000000000000e+01 -1.500000000000000000e+00
9.000000000000000000e+00 4.510204081632653406e+00 1.950000000000000000e+01 -8.625000000000000000e+00
9.000000000000000000e+00 4.380952380952381375e+00 1.500000000000000000e+01 -1.250000000000000000e+01
8.000000000000000000e+00 3.510204081632653406e+00 2.100000000000000000e+01 -7.125000000000000000e+00
0.000000000000000000e+00 -4.619047619047618625e+00 4.000000000000000000e+01 1.250000000000000000e+01
0.000000000000000000e+00 -4.489795918367346594e+00 2.350000000000000000e+01 -4.625000000000000000e+00
9.000000000000000000e+00 4.380952380952381375e+00 2.300000000000000000e+01 -4.500000000000000000e+00
8.000000000000000000e+00 3.510204081632653406e+00 1.350000000000000000e+01 -1.462500000000000000e+01
0.000000000000000000e+00 -4.619047619047618625e+00 1.700000000000000000e+01 -1.050000000000000000e+01
0.000000000000000000e+00 -4.489795918367346594e+00 2.000000000000000000e+01 -8.125000000000000000e+00
0.000000000000000000e+00 -4.619047619047618625e+00 3.100000000000000000e+01 3.500000000000000000e+00
0.000000000000000000e+00 -4.489795918367346594e+00 1.750000000000000000e+01 -1.062500000000000000e+01
0.000000000000000000e+00 -4.619047619047618625e+00 2.500000000000000000e+01 -2.500000000000000000e+00
0.000000000000000000e+00 -4.489795918367346594e+00 2.550000000000000000e+01 -2.625000000000000000e+00
0.000000000000000000e+00 -4.619047619047618625e+00 2.200000000000000000e+01 -5.500000000000000000e+00
0.000000000000000000e+00 -4.489795918367346594e+00 2.050000000000000000e+01 -7.625000000000000000e+00
0.000000000000000000e+00 -4.619047619047618625e+00 3.200000000000000000e+01 4.500000000000000000e+00
0.000000000000000000e+00 -4.489795918367346594e+00 1.600000000000000000e+01 -1.212500000000000000e+01
0.000000000000000000e+00 -4.619047619047618625e+00 1.200000000000000000e+01 -1.550000000000000000e+01
0.000000000000000000e+00 -4.489795918367346594e+00 1.800000000000000000e+01 -1.012500000000000000e+01
1.300000000000000000e+01 8.380952380952381375e+00 4.000000000000000000e+01 1.250000000000000000e+01
8.500000000000000000e+00 4.010204081632653406e+00 2.350000000000000000e+01 -4.625000000000000000e+00
0.000000000000000000e+00 -4.619047619047618625e+00 1.200000000000000000e+01 -1.550000000000000000e+01
0.000000000000000000e+00 -4.489795918367346594e+00 1.800000000000000000e+01 -1.012500000000000000e+01
2.000000000000000000e+00 -2.619047619047618625e+00 1.400000000000000000e+01 -1.350000000000000000e+01
8.000000000000000000e+00 3.510204081632653406e+00 1.600000000000000000e+01 -1.212500000000000000e+01
0.000000000000000000e+00 -4.619047619047618625e+00 2.000000000000000000e+01 -7.500000000000000000e+00
0.000000000000000000e+00 -4.489795918367346594e+00 2.950000000000000000e+01 1.375000000000000000e+00
5.000000000000000000e+00 3.809523809523813753e-01 2.400000000000000000e+01 -3.500000000000000000e+00
2.500000000000000000e+00 -1.989795918367346594e+00 1.200000000000000000e+01 -1.612500000000000000e+01
9.000000000000000000e+00 4.380952380952381375e+00 2.200000000000000000e+01 -5.500000000000000000e+00
4.500000000000000000e+00 1.020408163265340562e-02 2.050000000000000000e+01 -7.625000000000000000e+00
0.000000000000000000e+00 -4.619047619047618625e+00 2.000000000000000000e+01 -7.500000000000000000e+00
1.000000000000000000e+00 -3.489795918367346594e+00 1.800000000000000000e+01 -1.012500000000000000e+01
1.700000000000000000e+01 1.238095238095238138e+01 2.900000000000000000e+01 1.500000000000000000e+00
1.350000000000000000e+01 9.010204081632654294e+00 1.900000000000000000e+01 -9.125000000000000000e+00
0.000000000000000000e+00 -4.619047619047618625e+00 1.500000000000000000e+01 -1.250000000000000000e+01
1.000000000000000000e+00 -3.489795918367346594e+00 2.100000000000000000e+01 -7.125000000000000000e+00
0.000000000000000000e+00 -4.619047619047618625e+00 1.000000000000000000e+01 -1.750000000000000000e+01
0.000000000000000000e+00 -4.489795918367346594e+00 1.500000000000000000e+01 -1.312500000000000000e+01
6.000000000000000000e+00 1.380952380952381375e+00 2.400000000000000000e+01 -3.500000000000000000e+00
4.000000000000000000e+00 -4.897959183673465944e-01 1.200000000000000000e+01 -1.612500000000000000e+01
2.000000000000000000e+00 -2.619047619047618625e+00 3.100000000000000000e+01 3.500000000000000000e+00
1.500000000000000000e+00 -2.989795918367346594e+00 1.750000000000000000e+01 -1.062500000000000000e+01
0.000000000000000000e+00 -4.619047619047618625e+00 3.700000000000000000e+01 9.500000000000000000e+00
0.000000000000000000e+00 -4.489795918367346594e+00 1.350000000000000000e+01 -1.462500000000000000e+01
0.000000000000000000e+00 -4.619047619047618625e+00 2.800000000000000000e+01 5.000000000000000000e-01
0.000000000000000000e+00 -4.489795918367346594e+00 3.400000000000000000e+01 5.875000000000000000e+00
0.000000000000000000e+00 -4.619047619047618625e+00 2.000000000000000000e+01 -7.500000000000000000e+00
0.000000000000000000e+00 -4.489795918367346594e+00 1.800000000000000000e+01 -1.012500000000000000e+01
1.100000000000000000e+01 6.380952380952381375e+00 3.100000000000000000e+01 3.500000000000000000e+00
5.500000000000000000e+00 1.010204081632653406e+00 1.750000000000000000e+01 -1.062500000000000000e+01
3.000000000000000000e+00 -1.619047619047618625e+00 1.500000000000000000e+01 -1.250000000000000000e+01
2.000000000000000000e+00 -2.489795918367346594e+00 2.100000000000000000e+01 -7.125000000000000000e+00
3.000000000000000000e+00 -1.619047619047618625e+00 1.400000000000000000e+01 -1.350000000000000000e+01
2.500000000000000000e+00 -1.989795918367346594e+00 1.600000000000000000e+01 -1.212500000000000000e+01
5.000000000000000000e+00 3.809523809523813753e-01 2.500000000000000000e+01 -2.500000000000000000e+00
1.050000000000000000e+01 6.010204081632653406e+00 2.550000000000000000e+01 -2.625000000000000000e+00
2.000000000000000000e+00 -2.619047619047618625e+00 2.100000000000000000e+01 -6.500000000000000000e+00
1.000000000000000000e+00 -3.489795918367346594e+00 1.200000000000000000e+01 -1.612500000000000000e+01
0.000000000000000000e+00 -4.619047619047618625e+00 1.400000000000000000e+01 -1.350000000000000000e+01
0.000000000000000000e+00 -4.489795918367346594e+00 1.600000000000000000e+01 -1.212500000000000000e+01
0.000000000000000000e+00 -4.619047619047618625e+00 1.300000000000000000e+01 -1.450000000000000000e+01
0.000000000000000000e+00 -4.489795918367346594e+00 2.300000000000000000e+01 -5.125000000000000000e+00
0.000000000000000000e+00 -4.619047619047618625e+00 1.900000000000000000e+01 -8.500000000000000000e+00
3.000000000000000000e+00 -1.489795918367346594e+00 2.050000000000000000e+01 -7.625000000000000000e+00
