1.200000000000000000e+01 3.641509433962264453e+00 1.200000000000000000e+01 -6.937500000000000000e+00
1.200000000000000000e+01 3.367924528301886156e+00 3.400000000000000000e+01 1.415625000000000000e+01
1.400000000000000000e+01 5.301886792452830122e+00 2.366666666666666785e+01 3.750000000000000000e+00
1.525000000000000000e+01 6.347484276729559838e+00 1.625000000000000000e+01 -3.971354166666667851e+00
1.619999999999999929e+01 7.499371069182387828e+00 2.766666666666666785e+01 7.940625000000000711e+00
1.583333333333333393e+01 7.214285714285711748e+00 8.166666666666666075e+00 -1.158035714285714413e+01
1.800000000000000000e+01 9.465296495956872391e+00 1.225000000000000000e+01 -7.347098214285715301e+00
1.712500000000000000e+01 8.624213836477986561e+00 2.525000000000000000e+01 5.779947916666667851e+00
1.788888888888888928e+01 9.382389937106918154e+00 1.769999999999999929e+01 -1.634374999999995026e+00
1.700000000000000000e+01 8.552830188679244827e+00 1.290000000000000036e+01 -6.353125000000000355e+00
1.772727272727272663e+01 9.265866209262433983e+00 2.818181818181818343e+01 9.147727272727273373e+00
1.775000000000000000e+01 9.349056603773583163e+00 1.500000000000000000e+01 -3.877604166666664298e+00
1.761538461538461675e+01 9.246734397677796480e+00 1.330769230769230838e+01 -5.370192307692308376e+00
1.657142857142857295e+01 8.211590296495959507e+00 1.614285714285714235e+01 -2.294642857142857650e+00
1.646666666666666501e+01 8.114465408805029867e+00 1.293333333333333357e+01 -5.347916666666666430e+00
1.643750000000000000e+01 8.097877358490565669e+00 1.162500000000000000e+01 -6.619140625000000000e+00
1.300000000000000000e+01 4.641509433962264453e+00 3.000000000000000000e+01 1.106250000000000000e+01
1.700000000000000000e+01 8.367924528301886156e+00 1.950000000000000000e+01 -3.437500000000000000e-01
1.200000000000000000e+01 3.301886792452830122e+00 8.333333333333333925e+00 -1.158333333333333393e+01
1.250000000000000000e+01 3.597484276729559838e+00 3.325000000000000000e+01 1.302864583333333215e+01
1.359999999999999964e+01 4.838679245283016073e+00 1.939999999999999858e+01 -3.828125000000000000e-01
1.216666666666666607e+01 3.466037735849054613e+00 1.466666666666666607e+01 -5.059375000000001066e+00
1.128571428571428648e+01 2.751010781671158867e+00 2.900000000000000000e+01 9.402901785714284699e+00
1.162500000000000000e+01 3.124213836477986561e+00 2.587500000000000000e+01 6.404947916666667851e+00
1.266666666666666607e+01 4.160167714884694945e+00 3.422222222222222143e+01 1.488784722222222712e+01
1.259999999999999964e+01 4.152830188679244472e+00 1.409999999999999964e+01 -5.153125000000001066e+00
1.263636363636363669e+01 4.174957118353344043e+00 1.209090909090909172e+01 -6.943181818181818343e+00
1.233333333333333393e+01 3.932389937106917088e+00 1.258333333333333393e+01 -6.294270833333330373e+00
1.292307692307692335e+01 4.554426705370103079e+00 1.200000000000000000e+01 -6.677884615384616751e+00
1.228571428571428648e+01 3.925876010781673031e+00 1.342857142857142883e+01 -5.008928571428571175e+00
1.240000000000000036e+01 4.047798742138365213e+00 2.053333333333333499e+01 2.252083333333334991e+00
1.250000000000000000e+01 4.160377358490565669e+00 3.168750000000000000e+01 1.344335937500000000e+01
1.200000000000000000e+01 3.641509433962264453e+00 1.200000000000000000e+01 -6.937500000000000000e+00
1.900000000000000000e+01 1.036792452830188616e+01 3.050000000000000000e+01 1.065625000000000000e+01
1.766666666666666785e+01 8.968553459119497973e+00 1.466666666666666607e+01 -5.250000000000001776e+00
1.775000000000000000e+01 8.847484276729559838e+00 2.500000000000000000e+01 4.778645833333332149e+00
1.819999999999999929e+01 9.438679245283015717e+00 3.000000000000000000e+01 1.021718750000000142e+01
1.700000000000000000e+01 8.299371069182388538e+00 2.533333333333333215e+01 5.607291666666665009e+00
1.642857142857142705e+01 7.809523809523804871e+00 1.857142857142857295e+01 -1.175595238095237249e+00
1.500000000000000000e+01 6.465296495956872391e+00 1.271428571428571352e+01 -6.882812500000001776e+00
1.366666666666666607e+01 5.165880503144652636e+00 1.175000000000000000e+01 -7.720052083333332149e+00
1.250000000000000000e+01 3.993501048218028870e+00 1.455555555555555536e+01 -4.778819444444438957e+00
1.336363636363636331e+01 4.902229845626070670e+00 1.372727272727272663e+01 -5.306818181818183433e+00
1.350000000000000000e+01 5.099056603773583163e+00 1.808333333333333215e+01 -7.942708333333321491e-01
1.415384615384615330e+01 5.785195936139333028e+00 2.007692307692307665e+01 1.399038461538459899e+00
1.328571428571428648e+01 4.925876010781673031e+00 1.278571428571428648e+01 -5.651785714285713524e+00
1.306666666666666643e+01 4.714465408805031288e+00 1.186666666666666714e+01 -6.414583333333332860e+00
1.400000000000000000e+01 5.660377358490565669e+00 2.700000000000000000e+01 8.755859375000000000e+00
0.000000000000000000e+00 -8.358490566037735547e+00 1.300000000000000000e+01 -5.937500000000000000e+00
0.000000000000000000e+00 -8.632075471698113844e+00 1.300000000000000000e+01 -6.843750000000000000e+00
0.000000000000000000e+00 -8.698113207547169878e+00 2.166666666666666785e+01 1.750000000000000000e+00
0.000000000000000000e+00 -8.902515723270440162e+00 1.575000000000000000e+01 -4.471354166666667851e+00
0.000000000000000000e+00 -8.761320754716983572e+00 1.525000000000000000e+01 -4.532812499999998579e+00
0.000000000000000000e+00 -8.700628930817611462e+00 1.819999999999999929e+01 -1.526041666666667851e+00
0.000000000000000000e+00 -8.534703504043127609e+00 1.300000000000000000e+01 -6.597098214285715301e+00
0.000000000000000000e+00 -8.500786163522013439e+00 2.087500000000000000e+01 1.404947916666667851e+00
8.888888888888888395e-01 -7.617610062893081846e+00 1.288888888888888928e+01 -6.445486111111105032e+00
1.199999999999999956e+00 -7.247169811320754995e+00 1.750000000000000000e+01 -1.753125000000000711e+00
1.454545454545454586e+00 -7.006861063464837613e+00 1.345454545454545503e+01 -5.579545454545455030e+00
2.500000000000000000e+00 -5.900943396226416837e+00 1.316666666666666607e+01 -5.710937499999998224e+00
4.692307692307692513e+00 -3.676342525399127759e+00 3.484615384615384670e+01 1.616826923076922995e+01
4.857142857142856762e+00 -3.502695417789756682e+00 1.214285714285714235e+01 -6.294642857142857650e+00
5.466666666666666785e+00 -2.885534591194968357e+00 1.700000000000000000e+01 -1.281250000000000000e+00
5.125000000000000000e+00 -3.214622641509434331e+00 1.612500000000000000e+01 -2.119140625000000000e+00
0.000000000000000000e+00 -8.358490566037735547e+00 1.400000000000000000e+01 -4.937500000000000000e+00
0.000000000000000000e+00 -8.632075471698113844e+00 1.200000000000000000e+01 -7.843750000000000000e+00
0.000000000000000000e+00 -8.698113207547169878e+00 1.133333333333333393e+01 -8.583333333333333925e+00
0.000000000000000000e+00 -8.902515723270440162e+00 1.225000000000000000e+01 -7.971354166666667851e+00
0.000000000000000000e+00 -8.761320754716983572e+00 1.540000000000000036e+01 -4.382812499999998224e+00
0.000000000000000000e+00 -8.700628930817611462e+00 1.983333333333333215e+01 1.072916666666650087e-01
0.000000000000000000e+00 -8.619047619047622177e+00 2.328571428571428470e+01 3.538690476190474499e+00
0.000000000000000000e+00 -8.534703504043127609e+00 1.700000000000000000e+01 -2.597098214285715301e+00
0.000000000000000000e+00 -8.500786163522013439e+00 1.700000000000000000e+01 -2.470052083333332149e+00
0.000000000000000000e+00 -8.506498951781971130e+00 2.255555555555555713e+01 3.221180555555562819e+00
0.000000000000000000e+00 -8.461406518010292643e+00 1.572727272727272663e+01 -3.306818181818183433e+00
0.000000000000000000e+00 -8.400943396226416837e+00 1.116666666666666607e+01 -7.710937499999998224e+00
1.538461538461538547e-01 -8.214804063860666972e+00 1.700000000000000000e+01 -1.677884615384616751e+00
1.428571428571428492e-01 -8.216981132075471095e+00 3.121428571428571530e+01 1.277678571428571530e+01
1.333333333333333315e-01 -8.218867924528302282e+00 2.019999999999999929e+01 1.918749999999999289e+00
1.250000000000000000e-01 -8.214622641509434331e+00 1.468750000000000000e+01 -3.556640625000000000e+00
0.000000000000000000e+00 -8.358490566037735547e+00 4.700000000000000000e+01 2.806250000000000000e+01
0.000000000000000000e+00 -8.632075471698113844e+00 1.600000000000000000e+01 -3.843750000000000000e+00
0.000000000000000000e+00 -8.698113207547169878e+00 1.600000000000000000e+01 -3.916666666666667851e+00
0.000000000000000000e+00 -8.902515723270440162e+00 1.700000000000000000e+01 -3.221354166666667851e+00
0.000000000000000000e+00 -8.761320754716983572e+00 1.960000000000000142e+01 -1.828124999999971578e-01
0.000000000000000000e+00 -8.700628930817611462e+00 3.379999999999999716e+01 1.407395833333333002e+01
0.000000000000000000e+00 -8.534703504043127609e+00 2.914285714285714235e+01 9.545758928571427049e+00
0.000000000000000000e+00 -8.500786163522013439e+00 1.275000000000000000e+01 -6.720052083333332149e+00
0.000000000000000000e+00 -8.506498951781971130e+00 2.144444444444444287e+01 2.110069444444448550e+00
0.000000000000000000e+00 -8.447169811320755173e+00 1.910000000000000142e+01 -1.531249999999992895e-01
0.000000000000000000e+00 -8.461406518010292643e+00 3.381818181818182012e+01 1.478409090909091006e+01
0.000000000000000000e+00 -8.400943396226416837e+00 1.991666666666666785e+01 1.039062500000003553e+00
0.000000000000000000e+00 -8.368650217706820271e+00 1.415384615384615330e+01 -4.524038461538463451e+00
0.000000000000000000e+00 -8.359838274932613444e+00 1.585714285714285765e+01 -2.580357142857142350e+00
0.000000000000000000e+00 -8.352201257861635142e+00 1.673333333333333428e+01 -1.547916666666665719e+00
0.000000000000000000e+00 -8.339622641509434331e+00 3.331250000000000000e+01 1.506835937500000000e+01
0.000000000000000000e+00 -8.358490566037735547e+00 2.300000000000000000e+01 4.062500000000000000e+00
0.000000000000000000e+00 -8.632075471698113844e+00 9.000000000000000000e+00 -1.084375000000000000e+01
0.000000000000000000e+00 -8.698113207547169878e+00 2.400000000000000000e+01 4.083333333333332149e+00
2.250000000000000000e+00 -6.652515723270440162e+00 9.000000000000000000e+00 -1.122135416666666785e+01
1.500000000000000000e+00 -7.200628930817611462e+00 1.100000000000000000e+01 -8.726041666666667140e+00
1.285714285714285809e+00 -7.333333333333336590e+00 1.516666666666666607e+01 -4.580357142857144126e+00
1.285714285714285809e+00 -7.248989218328842021e+00 1.550000000000000000e+01 -4.097098214285715301e+00
1.125000000000000000e+00 -7.375786163522013439e+00 1.337500000000000000e+01 -6.095052083333332149e+00
1.000000000000000000e+00 -7.506498951781971130e+00 2.866666666666666785e+01 9.332291666666673535e+00
9.000000000000000222e-01 -7.547169811320754818e+00 2.769999999999999929e+01 8.446874999999998579e+00
8.181818181818182323e-01 -7.643224699828474300e+00 1.836363636363636331e+01 -6.704545454545467464e-01
7.500000000000000000e-01 -7.650943396226416837e+00 2.933333333333333215e+01 1.045572916666666785e+01
6.923076923076922906e-01 -7.676342525399127759e+00 1.253846153846153832e+01 -6.139423076923078426e+00
6.428571428571429047e-01 -7.716981132075470207e+00 1.264285714285714235e+01 -5.794642857142857650e+00
5.999999999999999778e-01 -7.752201257861635497e+00 1.973333333333333428e+01 1.452083333333334281e+00
5.625000000000000000e-01 -7.777122641509434331e+00 1.668750000000000000e+01 -1.556640625000000000e+00
8.000000000000000000e+00 -3.584905660377355474e-01 2.600000000000000000e+01 7.062500000000000000e+00
1.150000000000000000e+01 2.867924528301886156e+00 1.700000000000000000e+01 -2.843750000000000000e+00
1.566666666666666607e+01 6.968553459119496196e+00 3.400000000000000000e+01 1.408333333333333215e+01
1.275000000000000000e+01 3.847484276729559838e+00 1.750000000000000000e+01 -2.721354166666667851e+00
1.359999999999999964e+01 4.838679245283016073e+00 2.500000000000000000e+01 5.217187500000001421e+00
1.450000000000000000e+01 5.799371069182388538e+00 1.950000000000000000e+01 -2.260416666666671404e-01
1.271428571428571352e+01 4.095238095238091347e+00 2.042857142857142705e+01 6.815476190476168483e-01
1.275000000000000000e+01 4.215296495956872391e+00 3.228571428571428470e+01 1.268861607142856940e+01
1.155555555555555536e+01 3.054769392033541919e+00 1.111111111111111072e+01 -8.358940972222221433e+00
1.209999999999999964e+01 3.593501048218028515e+00 1.666666666666666785e+01 -2.667708333333326465e+00
1.154545454545454497e+01 3.084048027444252327e+00 9.818181818181818343e+00 -9.215909090909091717e+00
1.108333333333333393e+01 2.682389937106917088e+00 1.308333333333333393e+01 -5.794270833333330373e+00
1.030769230769230838e+01 1.939042089985488104e+00 1.084615384615384670e+01 -7.831730769230770051e+00
1.035714285714285765e+01 1.997304582210244206e+00 1.421428571428571352e+01 -4.223214285714286476e+00
1.046666666666666679e+01 2.114465408805031643e+00 2.813333333333333286e+01 9.852083333333332860e+00
1.118750000000000000e+01 2.847877358490565669e+00 1.312500000000000000e+01 -5.119140625000000000e+00
0.000000000000000000e+00 -8.358490566037735547e+00 2.400000000000000000e+01 5.062500000000000000e+00
0.000000000000000000e+00 -8.632075471698113844e+00 2.100000000000000000e+01 1.156250000000000000e+00
0.000000000000000000e+00 -8.698113207547169878e+00 2.133333333333333215e+01 1.416666666666664298e+00
0.000000000000000000e+00 -8.902515723270440162e+00 2.650000000000000000e+01 6.278645833333332149e+00
8.000000000000000444e-01 -7.961320754716983750e+00 1.240000000000000036e+01 -7.382812499999998224e+00
6.666666666666666297e-01 -8.033962264150945387e+00 1.850000000000000000e+01 -1.226041666666667140e+00
5.714285714285713969e-01 -8.047619047619051003e+00 1.500000000000000000e+01 -4.747023809523810201e+00
5.000000000000000000e-01 -8.034703504043127609e+00 1.300000000000000000e+01 -6.597098214285715301e+00
4.444444444444444198e-01 -8.056341719077568797e+00 1.362500000000000000e+01 -5.845052083333332149e+00
4.000000000000000222e-01 -8.047169811320754818e+00 2.900000000000000000e+01 9.746874999999999289e+00
3.636363636363636465e-01 -8.097770154373929330e+00 1.309090909090909172e+01 -5.943181818181818343e+00
3.333333333333333148e-01 -8.067610062893082912e+00 1.550000000000000000e+01 -3.377604166666664298e+00
8.461538461538461453e-01 -7.522496371552974459e+00 1.200000000000000000e+01 -6.677884615384616751e+00
2.285714285714285587e+00 -6.074123989218327857e+00 2.592857142857142705e+01 7.491071428571427049e+00
2.133333333333333304e+00 -6.218867924528302282e+00 2.619999999999999929e+01 7.918749999999999289e+00
2.000000000000000000e+00 -6.339622641509434331e+00 1.450000000000000000e+01 -3.744140625000000000e+00
0.000000000000000000e+00 -8.358490566037735547e+00 1.900000000000000000e+01 6.250000000000000000e-02
0.000000000000000000e+00 -8.632075471698113844e+00 1.000000000000000000e+01 -9.843750000000000000e+00
0.000000000000000000e+00 -8.698113207547169878e+00 1.600000000000000000e+01 -3.916666666666667851e+00
0.000000000000000000e+00 -8.902515723270440162e+00 1.400000000000000000e+01 -6.221354166666667851e+00
0.000000000000000000e+00 -8.761320754716983572e+00 2.439999999999999858e+01 4.617187500000000000e+00
0.000000000000000000e+00 -8.619047619047622177e+00 1.733333333333333215e+01 -2.413690476190478051e+00
0.000000000000000000e+00 -8.534703504043127609e+00 1.371428571428571352e+01 -5.882812500000001776e+00
0.000000000000000000e+00 -8.500786163522013439e+00 2.755555555555555713e+01 8.085503472222224985e+00
3.333333333333333148e-01 -8.173165618448637204e+00 2.288888888888888928e+01 3.554513888888894968e+00
8.000000000000000444e-01 -7.647169811320755350e+00 2.139999999999999858e+01 2.146874999999997868e+00
7.272727272727272929e-01 -7.734133790737565128e+00 1.690909090909091006e+01 -2.125000000000000000e+00
6.666666666666666297e-01 -7.734276729559749874e+00 1.125000000000000000e+01 -7.627604166666664298e+00
1.076923076923076872e+00 -7.291727140783743621e+00 1.669230769230769340e+01 -1.985576923076923350e+00
1.000000000000000000e+00 -7.359838274932613444e+00 1.285714285714285765e+01 -5.580357142857142350e+00
9.333333333333333481e-01 -7.418867924528301572e+00 1.600000000000000000e+01 -2.281250000000000000e+00
8.750000000000000000e-01 -7.464622641509434331e+00 1.668750000000000000e+01 -1.556640625000000000e+00
1.100000000000000000e+01 2.641509433962264453e+00 1.100000000000000000e+01 -7.937500000000000000e+00
1.700000000000000000e+01 8.367924528301886156e+00 2.200000000000000000e+01 2.156250000000000000e+00
1.233333333333333393e+01 3.635220125786164047e+00 7.000000000000000000e+00 -1.291666666666666785e+01
1.075000000000000000e+01 1.847484276729559838e+00 8.250000000000000000e+00 -1.197135416666666785e+01
1.080000000000000071e+01 2.038679245283017138e+00 2.439999999999999858e+01 4.617187500000000000e+00
1.283333333333333393e+01 4.132704402515722464e+00 1.600000000000000000e+01 -3.726041666666667140e+00
1.271428571428571352e+01 4.095238095238091347e+00 1.485714285714285765e+01 -4.889880952380952550e+00
1.237500000000000000e+01 3.840296495956872391e+00 1.775000000000000000e+01 -1.847098214285715301e+00
1.311111111111111072e+01 4.604612159329139587e+00 2.322222222222222143e+01 3.887847222222227117e+00
1.280000000000000071e+01 4.352830188679245538e+00 2.239999999999999858e+01 3.146874999999997868e+00
1.290909090909090828e+01 4.447684391080615640e+00 1.900000000000000000e+01 -3.409090909091005983e-02
1.291666666666666607e+01 4.515723270440249237e+00 2.041666666666666785e+01 1.539062500000003553e+00
1.292307692307692335e+01 4.554426705370103079e+00 3.007692307692307665e+01 1.139903846153845990e+01
1.392857142857142883e+01 5.568733153638815381e+00 1.742857142857142705e+01 -1.008928571428572951e+00
1.386666666666666714e+01 5.514465408805031998e+00 3.393333333333333002e+01 1.565208333333333002e+01
1.375000000000000000e+01 5.410377358490565669e+00 1.062500000000000000e+01 -7.619140625000000000e+00
0.000000000000000000e+00 -8.358490566037735547e+00 5.000000000000000000e+00 -1.393750000000000000e+01
0.000000000000000000e+00 -8.632075471698113844e+00 2.750000000000000000e+01 7.656250000000000000e+00
0.000000000000000000e+00 -8.698113207547169878e+00 2.266666666666666785e+01 2.750000000000000000e+00
0.000000000000000000e+00 -8.902515723270440162e+00 2.600000000000000000e+01 5.778645833333332149e+00
0.000000000000000000e+00 -8.761320754716983572e+00 1.459999999999999964e+01 -5.182812499999998934e+00
0.000000000000000000e+00 -8.700628930817611462e+00 3.066666666666666785e+01 1.094062500000000071e+01
0.000000000000000000e+00 -8.619047619047622177e+00 1.333333333333333393e+01 -6.413690476190476275e+00
0.000000000000000000e+00 -8.500786163522013439e+00 1.450000000000000000e+01 -4.970052083333332149e+00
0.000000000000000000e+00 -8.506498951781971130e+00 1.590000000000000036e+01 -3.434374999999993960e+00
0.000000000000000000e+00 -8.447169811320755173e+00 2.519999999999999929e+01 5.946874999999998579e+00
0.000000000000000000e+00 -8.461406518010292643e+00 3.409090909090909349e+01 1.505681818181818343e+01
0.000000000000000000e+00 -8.400943396226416837e+00 1.575000000000000000e+01 -3.127604166666664298e+00
0.000000000000000000e+00 -8.368650217706820271e+00 1.292307692307692335e+01 -5.754807692307693401e+00
0.000000000000000000e+00 -8.359838274932613444e+00 2.714285714285714235e+01 8.705357142857142350e+00
0.000000000000000000e+00 -8.352201257861635142e+00 1.226666666666666750e+01 -6.014583333333332504e+00
1.250000000000000000e-01 -8.214622641509434331e+00 1.168750000000000000e+01 -6.556640625000000000e+00
8.000000000000000000e+00 -3.584905660377355474e-01 8.000000000000000000e+00 -1.093750000000000000e+01
1.300000000000000000e+01 4.367924528301886156e+00 1.800000000000000000e+01 -1.843750000000000000e+00
1.633333333333333215e+01 7.635220125786162271e+00 2.433333333333333215e+01 4.416666666666664298e+00
1.925000000000000000e+01 1.048867924528301643e+01 1.780000000000000071e+01 -1.982812499999997868e+00
1.639999999999999858e+01 7.699371069182387117e+00 2.233333333333333215e+01 2.607291666666665009e+00
1.666666666666666785e+01 8.047619047619045674e+00 3.157142857142857295e+01 1.182440476190476275e+01
1.642857142857142705e+01 7.893867924528299440e+00 2.687500000000000000e+01 7.277901785714284699e+00
1.750000000000000000e+01 8.999213836477986561e+00 1.650000000000000000e+01 -2.970052083333332149e+00
1.755555555555555713e+01 9.049056603773586005e+00 2.522222222222222143e+01 5.887847222222227117e+00
1.710000000000000142e+01 8.652830188679246248e+00 1.730000000000000071e+01 -1.953125000000000000e+00
1.672727272727272663e+01 8.265866209262433983e+00 3.054545454545454675e+01 1.151136363636363669e+01
1.766666666666666785e+01 9.265723270440251014e+00 1.725000000000000000e+01 -1.627604166666664298e+00
1.684615384615384670e+01 8.477503628447026429e+00 2.223076923076922995e+01 3.552884615384613198e+00
1.678571428571428470e+01 8.425876010781671255e+00 2.892857142857142705e+01 1.049107142857142705e+01
1.660000000000000142e+01 8.247798742138366279e+00 2.380000000000000071e+01 5.518750000000000711e+00
1.650000000000000000e+01 8.160377358490565669e+00 2.775000000000000000e+01 9.505859375000000000e+00
2.100000000000000000e+01 1.264150943396226445e+01 2.100000000000000000e+01 2.062500000000000000e+00
2.000000000000000000e+01 1.136792452830188616e+01 1.450000000000000000e+01 -5.343750000000000000e+00
1.966666666666666785e+01 1.096855345911949797e+01 3.566666666666666430e+01 1.574999999999999645e+01
2.200000000000000000e+01 1.309748427672955984e+01 1.525000000000000000e+01 -4.971354166666667851e+00
2.319999999999999929e+01 1.443867924528301572e+01 1.760000000000000142e+01 -2.182812499999997158e+00
2.416666666666666785e+01 1.554761904761904567e+01 3.183333333333333215e+01 1.208630952380952195e+01
2.271428571428571530e+01 1.417958221024258769e+01 1.457142857142857117e+01 -5.025669642857144126e+00
2.175000000000000000e+01 1.324921383647798656e+01 2.950000000000000000e+01 1.002994791666666785e+01
2.166666666666666785e+01 1.316016771488469672e+01 1.422222222222222143e+01 -5.112152777777772883e+00
2.150000000000000000e+01 1.305283018867924483e+01 3.500000000000000000e+01 1.574687499999999929e+01
2.118181818181818343e+01 1.272041166380789079e+01 2.109090909090908994e+01 2.056818181818179880e+00
1.966666666666666785e+01 1.126572327044025101e+01 1.175000000000000000e+01 -7.127604166666664298e+00
1.923076923076922995e+01 1.086211901306240968e+01 1.538461538461538503e+01 -3.293269230769231726e+00
1.992857142857142705e+01 1.156873315363881360e+01 3.464285714285714590e+01 1.620535714285714590e+01
2.053333333333333499e+01 1.218113207547169985e+01 1.440000000000000036e+01 -3.881249999999999645e+00
2.106250000000000000e+01 1.272287735849056567e+01 1.375000000000000000e+01 -4.494140625000000000e+00
0.000000000000000000e+00 -8.358490566037735547e+00 1.600000000000000000e+01 -2.937500000000000000e+00
0.000000000000000000e+00 -8.632075471698113844e+00 3.250000000000000000e+01 1.265625000000000000e+01
0.000000000000000000e+00 -8.698113207547169878e+00 2.700000000000000000e+01 7.083333333333332149e+00
0.000000000000000000e+00 -8.902515723270440162e+00 2.550000000000000000e+01 5.278645833333332149e+00
0.000000000000000000e+00 -8.761320754716983572e+00 1.639999999999999858e+01 -3.382812500000000000e+00
0.000000000000000000e+00 -8.700628930817611462e+00 1.233333333333333393e+01 -7.392708333333333215e+00
1.285714285714285809e+00 -7.248989218328842021e+00 2.325000000000000000e+01 3.652901785714284699e+00
1.125000000000000000e+00 -7.375786163522013439e+00 1.425000000000000000e+01 -5.220052083333332149e+00
1.000000000000000000e+00 -7.506498951781971130e+00 2.500000000000000000e+01 5.665625000000005684e+00
9.000000000000000222e-01 -7.547169811320754818e+00 3.130000000000000071e+01 1.204687500000000000e+01
8.181818181818182323e-01 -7.643224699828474300e+00 1.054545454545454497e+01 -8.488636363636365090e+00
7.500000000000000000e-01 -7.650943396226416837e+00 1.641666666666666785e+01 -2.460937499999996447e+00
6.923076923076922906e-01 -7.676342525399127759e+00 1.976923076923077005e+01 1.091346153846153300e+00
6.428571428571429047e-01 -7.716981132075470207e+00 2.250000000000000000e+01 4.062500000000000000e+00
5.999999999999999778e-01 -7.752201257861635497e+00 3.093333333333333357e+01 1.265208333333333357e+01
5.625000000000000000e-01 -7.777122641509434331e+00 1.562500000000000000e+01 -2.619140625000000000e+00
1.900000000000000000e+01 1.064150943396226445e+01 1.900000000000000000e+01 6.250000000000000000e-02
1.050000000000000000e+01 1.867924528301886156e+00 1.000000000000000000e+01 -9.843750000000000000e+00
9.000000000000000000e+00 3.018867924528301216e-01 1.600000000000000000e+01 -3.916666666666667851e+00
1.100000000000000000e+01 2.097484276729559838e+00 1.400000000000000000e+01 -6.221354166666667851e+00
1.259999999999999964e+01 3.838679245283016073e+00 2.439999999999999858e+01 4.617187500000000000e+00
1.266666666666666607e+01 4.047619047619043897e+00 1.733333333333333215e+01 -2.413690476190478051e+00
1.157142857142857117e+01 3.036725067385443566e+00 1.371428571428571352e+01 -5.882812500000001776e+00
1.262500000000000000e+01 4.124213836477986561e+00 2.755555555555555713e+01 8.085503472222224985e+00
1.122222222222222143e+01 2.715723270440250303e+00 2.288888888888888928e+01 3.554513888888894968e+00
1.009999999999999964e+01 1.652830188679244472e+00 2.139999999999999858e+01 2.146874999999997868e+00
1.000000000000000000e+01 1.538593481989707357e+00 1.690909090909091006e+01 -2.125000000000000000e+00
1.075000000000000000e+01 2.349056603773583163e+00 1.125000000000000000e+01 -7.627604166666664298e+00
1.076923076923077005e+01 2.400580551523949779e+00 1.669230769230769340e+01 -1.985576923076923350e+00
1.050000000000000000e+01 2.140161725067386556e+00 1.285714285714285765e+01 -5.580357142857142350e+00
1.040000000000000036e+01 2.047798742138365213e+00 1.600000000000000000e+01 -2.281250000000000000e+00
1.075000000000000000e+01 2.410377358490565669e+00 1.668750000000000000e+01 -1.556640625000000000e+00
0.000000000000000000e+00 -8.358490566037735547e+00 2.000000000000000000e+01 1.062500000000000000e+00
0.000000000000000000e+00 -8.632075471698113844e+00 1.150000000000000000e+01 -8.343750000000000000e+00
0.000000000000000000e+00 -8.698113207547169878e+00 2.433333333333333215e+01 4.416666666666664298e+00
0.000000000000000000e+00 -8.902515723270440162e+00 3.675000000000000000e+01 1.652864583333333215e+01
0.000000000000000000e+00 -8.761320754716983572e+00 1.939999999999999858e+01 -3.828125000000000000e-01
0.000000000000000000e+00 -8.700628930817611462e+00 1.833333333333333215e+01 -1.392708333333334991e+00
0.000000000000000000e+00 -8.534703504043127609e+00 2.142857142857142705e+01 1.831473214285711748e+00
0.000000000000000000e+00 -8.500786163522013439e+00 1.612500000000000000e+01 -3.345052083333332149e+00
0.000000000000000000e+00 -8.506498951781971130e+00 1.366666666666666607e+01 -5.667708333333328241e+00
0.000000000000000000e+00 -8.447169811320755173e+00 1.569999999999999929e+01 -3.553125000000001421e+00
0.000000000000000000e+00 -8.461406518010292643e+00 2.472727272727272663e+01 5.693181818181816567e+00
0.000000000000000000e+00 -8.400943396226416837e+00 3.383333333333333570e+01 1.495572916666667140e+01
0.000000000000000000e+00 -8.368650217706820271e+00 3.369230769230769340e+01 1.501442307692307665e+01
0.000000000000000000e+00 -8.359838274932613444e+00 1.200000000000000000e+01 -6.437500000000000000e+00
0.000000000000000000e+00 -8.352201257861635142e+00 2.653333333333333499e+01 8.252083333333334991e+00
0.000000000000000000e+00 -8.339622641509434331e+00 2.387500000000000000e+01 5.630859375000000000e+00
1.500000000000000000e+01 6.641509433962264453e+00 1.300000000000000000e+01 -5.937500000000000000e+00
1.800000000000000000e+01 9.367924528301886156e+00 1.300000000000000000e+01 -6.843750000000000000e+00
1.366666666666666607e+01 4.968553459119496196e+00 2.166666666666666785e+01 1.750000000000000000e+00
1.450000000000000000e+01 5.597484276729559838e+00 1.575000000000000000e+01 -4.471354166666667851e+00
1.400000000000000000e+01 5.238679245283016428e+00 1.525000000000000000e+01 -4.532812499999998579e+00
1.516666666666666607e+01 6.466037735849054613e+00 1.819999999999999929e+01 -1.526041666666667851e+00
1.325000000000000000e+01 4.715296495956872391e+00 1.300000000000000000e+01 -6.597098214285715301e+00
1.537500000000000000e+01 6.874213836477986561e+00 2.087500000000000000e+01 1.404947916666667851e+00
1.433333333333333393e+01 5.826834381551362796e+00 1.288888888888888928e+01 -6.445486111111105032e+00
1.290000000000000036e+01 4.452830188679245182e+00 1.750000000000000000e+01 -1.753125000000000711e+00
1.172727272727272663e+01 3.265866209262433983e+00 1.345454545454545503e+01 -5.579545454545455030e+00
1.075000000000000000e+01 2.349056603773583163e+00 1.316666666666666607e+01 -5.710937499999998224e+00
9.923076923076923350e+00 1.554426705370103079e+00 3.484615384615384670e+01 1.616826923076922995e+01
9.214285714285713524e+00 8.544474393531000800e-01 1.214285714285714235e+01 -6.294642857142857650e+00
8.599999999999999645e+00 2.477987421383645028e-01 1.700000000000000000e+01 -1.281250000000000000e+00
8.750000000000000000e+00 4.103773584905656691e-01 1.612500000000000000e+01 -2.119140625000000000e+00
1.000000000000000000e+00 -7.358490566037735547e+00 2.000000000000000000e+01 1.062500000000000000e+00
5.000000000000000000e-01 -8.132075471698113844e+00 2.150000000000000000e+01 1.656250000000000000e+00
3.333333333333333148e-01 -8.364779874213835953e+00 1.700000000000000000e+01 -2.916666666666667851e+00
2.500000000000000000e-01 -8.652515723270440162e+00 2.875000000000000000e+01 8.528645833333332149e+00
2.000000000000000111e-01 -8.561320754716984283e+00 2.719999999999999929e+01 7.417187500000000711e+00
1.666666666666666574e-01 -8.533962264150945387e+00 1.380000000000000071e+01 -5.926041666666666430e+00
1.428571428571428492e-01 -8.476190476190479828e+00 2.600000000000000000e+01 6.252976190476189799e+00
1.250000000000000000e-01 -8.375786163522013439e+00 2.755555555555555713e+01 8.085503472222224985e+00
1.111111111111111049e-01 -8.395387840670860413e+00 3.477777777777777857e+01 1.544340277777778425e+01
1.000000000000000056e-01 -8.347169811320755528e+00 1.209999999999999964e+01 -7.153125000000001066e+00
9.090909090909091161e-02 -8.370497427101200927e+00 1.590909090909090828e+01 -3.125000000000001776e+00
8.333333333333332871e-02 -8.317610062893082912e+00 1.133333333333333393e+01 -7.544270833333330373e+00
7.692307692307692735e-02 -8.291727140783743621e+00 1.784615384615384670e+01 -8.317307692307700506e-01
7.142857142857142461e-02 -8.288409703504042270e+00 1.335714285714285765e+01 -5.080357142857142350e+00
6.666666666666666574e-02 -8.285534591194968712e+00 1.646666666666666501e+01 -1.814583333333334991e+00
1.000000000000000000e+00 -7.339622641509434331e+00 1.225000000000000000e+01 -5.994140625000000000e+00
0.000000000000000000e+00 -8.358490566037735547e+00 1.200000000000000000e+01 -6.937500000000000000e+00
0.000000000000000000e+00 -8.632075471698113844e+00 3.400000000000000000e+01 1.415625000000000000e+01
4.666666666666666963e+00 -4.031446540880502916e+00 2.366666666666666785e+01 3.750000000000000000e+00
3.500000000000000000e+00 -5.402515723270440162e+00 1.625000000000000000e+01 -3.971354166666667851e+00
2.333333333333333481e+00 -6.367295597484277536e+00 2.766666666666666785e+01 7.940625000000000711e+00
2.000000000000000000e+00 -6.619047619047622177e+00 8.166666666666666075e+00 -1.158035714285714413e+01
1.750000000000000000e+00 -6.784703504043127609e+00 1.225000000000000000e+01 -7.347098214285715301e+00
1.750000000000000000e+00 -6.750786163522013439e+00 2.525000000000000000e+01 5.779947916666667851e+00
1.555555555555555580e+00 -6.950943396226415771e+00 1.769999999999999929e+01 -1.634374999999995026e+00
1.399999999999999911e+00 -7.047169811320754818e+00 1.290000000000000036e+01 -6.353125000000000355e+00
1.272727272727272707e+00 -7.188679245283020158e+00 2.818181818181818343e+01 9.147727272727273373e+00
1.166666666666666741e+00 -7.234276729559749874e+00 1.500000000000000000e+01 -3.877604166666664298e+00
1.076923076923076872e+00 -7.291727140783743621e+00 1.330769230769230838e+01 -5.370192307692308376e+00
1.000000000000000000e+00 -7.359838274932613444e+00 1.614285714285714235e+01 -2.294642857142857650e+00
9.333333333333333481e-01 -7.418867924528301572e+00 1.293333333333333357e+01 -5.347916666666666430e+00
8.750000000000000000e-01 -7.464622641509434331e+00 1.162500000000000000e+01 -6.619140625000000000e+00
1.200000000000000000e+01 3.641509433962264453e+00 2.200000000000000000e+01 3.062500000000000000e+00
1.850000000000000000e+01 9.867924528301886156e+00 2.450000000000000000e+01 4.656250000000000000e+00
1.533333333333333393e+01 6.635220125786164047e+00 1.533333333333333393e+01 -4.583333333333333925e+00
1.900000000000000000e+01 1.009748427672955984e+01 1.375000000000000000e+01 -6.471354166666667851e+00
1.660000000000000142e+01 7.838679245283017849e+00 8.000000000000000000e+00 -1.178281249999999858e+01
1.633333333333333215e+01 7.714285714285709972e+00 1.400000000000000000e+01 -5.747023809523810201e+00
1.557142857142857117e+01 7.036725067385443566e+00 8.571428571428571175e+00 -1.102566964285714413e+01
1.625000000000000000e+01 7.749213836477986561e+00 1.900000000000000000e+01 -4.700520833333321491e-01
1.588888888888888928e+01 7.382389937106918154e+00 1.433333333333333393e+01 -5.001041666666660390e+00
1.610000000000000142e+01 7.652830188679246248e+00 3.470000000000000284e+01 1.544687500000000213e+01
1.800000000000000000e+01 9.538593481989707357e+00 2.972727272727272663e+01 1.069318181818181657e+01
1.883333333333333215e+01 1.043238993710691531e+01 2.641666666666666785e+01 7.539062500000003553e+00
2.015384615384615330e+01 1.178519593613933303e+01 1.361538461538461497e+01 -5.062500000000001776e+00
1.992857142857142705e+01 1.156873315363881360e+01 1.628571428571428470e+01 -2.151785714285715301e+00
1.993333333333333357e+01 1.158113207547169843e+01 3.139999999999999858e+01 1.311874999999999858e+01
1.931250000000000000e+01 1.097287735849056567e+01 1.912500000000000000e+01 8.808593750000000000e-01
5.000000000000000000e+00 -3.358490566037735547e+00 5.000000000000000000e+00 -1.393750000000000000e+01
1.350000000000000000e+01 4.867924528301886156e+00 2.750000000000000000e+01 7.656250000000000000e+00
1.700000000000000000e+01 8.301886792452830122e+00 2.266666666666666785e+01 2.750000000000000000e+00
1.800000000000000000e+01 9.097484276729559838e+00 2.600000000000000000e+01 5.778645833333332149e+00
1.660000000000000142e+01 7.838679245283017849e+00 1.459999999999999964e+01 -5.182812499999998934e+00
1.700000000000000000e+01 8.299371069182388538e+00 3.066666666666666785e+01 1.094062500000000071e+01
1.542857142857142883e+01 6.809523809523806648e+00 1.333333333333333393e+01 -6.413690476190476275e+00
1.525000000000000000e+01 6.749213836477986561e+00 1.450000000000000000e+01 -4.970052083333332149e+00
1.611111111111111072e+01 7.604612159329139587e+00 1.590000000000000036e+01 -3.434374999999993960e+00
1.689999999999999858e+01 8.452830188679243406e+00 2.519999999999999929e+01 5.946874999999998579e+00
1.718181818181818343e+01 8.720411663807890790e+00 3.409090909090909349e+01 1.505681818181818343e+01
1.691666666666666785e+01 8.515723270440251014e+00 1.575000000000000000e+01 -3.127604166666664298e+00
1.638461538461538325e+01 8.015965166908562978e+00 1.292307692307692335e+01 -5.754807692307693401e+00
1.607142857142857295e+01 7.711590296495959507e+00 2.714285714285714235e+01 8.705357142857142350e+00
1.546666666666666679e+01 7.114465408805031643e+00 1.226666666666666750e+01 -6.014583333333332504e+00
1.493750000000000000e+01 6.597877358490565669e+00 1.168750000000000000e+01 -6.556640625000000000e+00
1.000000000000000000e+00 -7.358490566037735547e+00 1.800000000000000000e+01 -9.375000000000000000e-01
5.000000000000000000e-01 -8.132075471698113844e+00 1.400000000000000000e+01 -5.843750000000000000e+00
3.333333333333333148e-01 -8.364779874213835953e+00 1.533333333333333393e+01 -4.583333333333333925e+00
3.000000000000000000e+00 -5.902515723270440162e+00 2.450000000000000000e+01 4.278645833333332149e+00
3.799999999999999822e+00 -4.961320754716983750e+00 3.800000000000000000e+01 1.821718750000000142e+01
3.666666666666666519e+00 -5.033962264150945387e+00 1.383333333333333393e+01 -5.892708333333333215e+00
3.142857142857142794e+00 -5.476190476190479828e+00 9.571428571428571175e+00 -1.017559523809523903e+01
2.750000000000000000e+00 -5.784703504043127609e+00 2.050000000000000000e+01 9.029017857142846992e-01
4.222222222222222321e+00 -4.284276729559748809e+00 1.644444444444444287e+01 -2.889930555555551450e+00
5.599999999999999645e+00 -2.847169811320755528e+00 1.019999999999999929e+01 -9.053125000000001421e+00
6.818181818181818343e+00 -1.643224699828474300e+00 2.081818181818181657e+01 1.784090909090906507e+00
7.416666666666666963e+00 -9.842767295597498745e-01 1.475000000000000000e+01 -4.127604166666664298e+00
8.230769230769229949e+00 -1.378809869375903219e-01 1.553846153846153832e+01 -3.139423076923078426e+00
9.357142857142857650e+00 9.973045822102442060e-01 1.657142857142857295e+01 -1.866071428571427049e+00
9.666666666666666075e+00 1.314465408805030933e+00 1.053333333333333321e+01 -7.747916666666666785e+00
1.025000000000000000e+01 1.910377358490565669e+00 1.687500000000000000e+01 -1.369140625000000000e+00
1.800000000000000000e+01 9.641509433962264453e+00 1.800000000000000000e+01 -9.375000000000000000e-01
1.200000000000000000e+01 3.367924528301886156e+00 1.350000000000000000e+01 -6.343750000000000000e+00
1.166666666666666607e+01 2.968553459119496196e+00 1.500000000000000000e+01 -4.916666666666667851e+00
1.125000000000000000e+01 2.347484276729559838e+00 1.850000000000000000e+01 -1.721354166666667851e+00
8.800000000000000711e+00 3.867924528301713849e-02 7.000000000000000000e+00 -1.278281249999999858e+01
7.428571428571428825e+00 -1.190476190476193352e+00 3.283333333333333570e+01 1.308630952380952550e+01
8.500000000000000000e+00 -3.470350404312760872e-02 1.500000000000000000e+01 -4.597098214285715301e+00
1.025000000000000000e+01 1.749213836477986561e+00 1.662500000000000000e+01 -2.845052083333332149e+00
9.888888888888889284e+00 1.382389937106918154e+00 1.411111111111111072e+01 -5.223263888888883599e+00
8.699999999999999289e+00 2.528301886792441167e-01 2.710000000000000142e+01 7.846875000000000711e+00
7.909090909090909172e+00 -5.523156089193834717e-01 2.418181818181818343e+01 5.147727272727273373e+00
7.250000000000000000e+00 -1.150943396226416837e+00 3.058333333333333215e+01 1.170572916666666785e+01
6.692307692307692513e+00 -1.676342525399127759e+00 2.107692307692307665e+01 2.399038461538459899e+00
6.214285714285714413e+00 -2.145552560646899032e+00 1.507142857142857117e+01 -3.366071428571428825e+00
5.799999999999999822e+00 -2.552201257861635320e+00 1.633333333333333215e+01 -1.947916666666667851e+00
5.437500000000000000e+00 -2.902122641509434331e+00 2.093750000000000000e+01 2.693359375000000000e+00
0.000000000000000000e+00 -8.358490566037735547e+00 6.000000000000000000e+00 -1.293750000000000000e+01
0.000000000000000000e+00 -8.632075471698113844e+00 1.300000000000000000e+01 -6.843750000000000000e+00
0.000000000000000000e+00 -8.698113207547169878e+00 2.166666666666666785e+01 1.750000000000000000e+00
0.000000000000000000e+00 -8.902515723270440162e+00 1.550000000000000000e+01 -4.721354166666667851e+00
0.000000000000000000e+00 -8.761320754716983572e+00 1.159999999999999964e+01 -8.182812499999998934e+00
0.000000000000000000e+00 -8.700628930817611462e+00 3.483333333333333570e+01 1.510729166666666856e+01
0.000000000000000000e+00 -8.619047619047622177e+00 1.585714285714285765e+01 -3.889880952380952550e+00
0.000000000000000000e+00 -8.534703504043127609e+00 2.300000000000000000e+01 3.402901785714284699e+00
0.000000000000000000e+00 -8.500786163522013439e+00 1.333333333333333393e+01 -6.136718749999998224e+00
0.000000000000000000e+00 -8.447169811320755173e+00 1.280000000000000071e+01 -6.453125000000000000e+00
0.000000000000000000e+00 -8.461406518010292643e+00 1.481818181818181834e+01 -4.215909090909091717e+00
0.000000000000000000e+00 -8.400943396226416837e+00 2.233333333333333215e+01 3.455729166666667851e+00
0.000000000000000000e+00 -8.368650217706820271e+00 1.053846153846153832e+01 -8.139423076923078426e+00
0.000000000000000000e+00 -8.359838274932613444e+00 1.585714285714285765e+01 -2.580357142857142350e+00
1.333333333333333315e-01 -8.218867924528302282e+00 1.133333333333333393e+01 -6.947916666666666075e+00
8.125000000000000000e-01 -7.527122641509434331e+00 1.962500000000000000e+01 1.380859375000000000e+00
2.000000000000000000e+01 1.164150943396226445e+01 2.000000000000000000e+01 1.062500000000000000e+00
1.350000000000000000e+01 4.867924528301886156e+00 1.150000000000000000e+01 -8.343750000000000000e+00
1.600000000000000000e+01 7.301886792452830122e+00 2.433333333333333215e+01 4.416666666666664298e+00
1.825000000000000000e+01 9.347484276729559838e+00 3.675000000000000000e+01 1.652864583333333215e+01
1.919999999999999929e+01 1.043867924528301572e+01 1.939999999999999858e+01 -3.828125000000000000e-01
1.966666666666666785e+01 1.096603773584905639e+01 1.833333333333333215e+01 -1.392708333333334991e+00
2.028571428571428470e+01 1.175101078167115709e+01 2.142857142857142705e+01 1.831473214285711748e+00
2.012500000000000000e+01 1.162421383647798656e+01 1.612500000000000000e+01 -3.345052083333332149e+00
1.944444444444444287e+01 1.093794549266247174e+01 1.366666666666666607e+01 -5.667708333333328241e+00
1.950000000000000000e+01 1.105283018867924483e+01 1.569999999999999929e+01 -3.553125000000001421e+00
1.927272727272727337e+01 1.081132075471698073e+01 2.472727272727272663e+01 5.693181818181816567e+00
1.925000000000000000e+01 1.084905660377358316e+01 3.383333333333333570e+01 1.495572916666667140e+01
1.884615384615384670e+01 1.047750362844702643e+01 3.369230769230769340e+01 1.501442307692307665e+01
1.835714285714285765e+01 9.997304582210244206e+00 1.200000000000000000e+01 -6.437500000000000000e+00
1.866666666666666785e+01 1.031446540880503271e+01 2.653333333333333499e+01 8.252083333333334991e+00
1.900000000000000000e+01 1.066037735849056567e+01 2.387500000000000000e+01 5.630859375000000000e+00
0.000000000000000000e+00 -8.358490566037735547e+00 1.100000000000000000e+01 -7.937500000000000000e+00
0.000000000000000000e+00 -8.632075471698113844e+00 2.200000000000000000e+01 2.156250000000000000e+00
0.000000000000000000e+00 -8.698113207547169878e+00 7.000000000000000000e+00 -1.291666666666666785e+01
0.000000000000000000e+00 -8.902515723270440162e+00 8.250000000000000000e+00 -1.197135416666666785e+01
0.000000000000000000e+00 -8.761320754716983572e+00 2.439999999999999858e+01 4.617187500000000000e+00
0.000000000000000000e+00 -8.700628930817611462e+00 1.600000000000000000e+01 -3.726041666666667140e+00
0.000000000000000000e+00 -8.619047619047622177e+00 1.485714285714285765e+01 -4.889880952380952550e+00
-1.428571428571428492e-01 -8.677560646900269958e+00 1.775000000000000000e+01 -1.847098214285715301e+00
-1.111111111111111049e-01 -8.617610062893081846e+00 2.322222222222222143e+01 3.887847222222227117e+00
-1.000000000000000056e-01 -8.547169811320754818e+00 2.239999999999999858e+01 3.146874999999997868e+00
-9.090909090909091161e-02 -8.552315608919384360e+00 1.900000000000000000e+01 -3.409090909091005983e-02
-8.333333333333332871e-02 -8.484276729559750763e+00 2.041666666666666785e+01 1.539062500000003553e+00
-7.692307692307692735e-02 -8.445573294629896921e+00 3.007692307692307665e+01 1.139903846153845990e+01
-7.142857142857142461e-02 -8.431266846361184619e+00 1.742857142857142705e+01 -1.008928571428572951e+00
-6.666666666666666574e-02 -8.418867924528301572e+00 3.393333333333333002e+01 1.565208333333333002e+01
-6.250000000000000000e-02 -8.402122641509434331e+00 1.062500000000000000e+01 -7.619140625000000000e+00
0.000000000000000000e+00 -8.358490566037735547e+00 1.300000000000000000e+01 -5.937500000000000000e+00
0.000000000000000000e+00 -8.632075471698113844e+00 2.000000000000000000e+01 1.562500000000000000e-01
0.000000000000000000e+00 -8.698113207547169878e+00 3.266666666666666430e+01 1.274999999999999645e+01
0.000000000000000000e+00 -8.902515723270440162e+00 1.325000000000000000e+01 -6.971354166666667851e+00
0.000000000000000000e+00 -8.761320754716983572e+00 1.559999999999999964e+01 -4.182812499999998934e+00
0.000000000000000000e+00 -8.700628930817611462e+00 1.616666666666666785e+01 -3.559374999999999289e+00
0.000000000000000000e+00 -8.619047619047622177e+00 1.650000000000000000e+01 -3.247023809523810201e+00
0.000000000000000000e+00 -8.534703504043127609e+00 1.642857142857142705e+01 -3.168526785714288252e+00
0.000000000000000000e+00 -8.500786163522013439e+00 1.100000000000000000e+01 -8.470052083333332149e+00
0.000000000000000000e+00 -8.447169811320755173e+00 1.159999999999999964e+01 -7.653125000000001066e+00
0.000000000000000000e+00 -8.461406518010292643e+00 1.172727272727272663e+01 -7.306818181818183433e+00
0.000000000000000000e+00 -8.400943396226416837e+00 3.416666666666666430e+01 1.528906250000000000e+01
0.000000000000000000e+00 -8.368650217706820271e+00 2.538461538461538325e+01 6.706730769230766498e+00
0.000000000000000000e+00 -8.359838274932613444e+00 1.721428571428571530e+01 -1.223214285714284699e+00
5.333333333333333259e-01 -7.818867924528301927e+00 1.326666666666666750e+01 -5.014583333333332504e+00
5.000000000000000000e-01 -7.839622641509434331e+00 1.212500000000000000e+01 -6.119140625000000000e+00
1.900000000000000000e+01 1.064150943396226445e+01 2.000000000000000000e+01 1.062500000000000000e+00
1.400000000000000000e+01 5.367924528301886156e+00 2.150000000000000000e+01 1.656250000000000000e+00
1.766666666666666785e+01 8.968553459119497973e+00 1.700000000000000000e+01 -2.916666666666667851e+00
1.875000000000000000e+01 9.847484276729559838e+00 2.875000000000000000e+01 8.528645833333332149e+00
1.619999999999999929e+01 7.438679245283015717e+00 2.719999999999999929e+01 7.417187500000000711e+00
1.566666666666666607e+01 6.966037735849054613e+00 1.380000000000000071e+01 -5.926041666666666430e+00
1.414285714285714235e+01 5.523809523809520172e+00 2.600000000000000000e+01 6.252976190476189799e+00
1.387500000000000000e+01 5.374213836477986561e+00 2.755555555555555713e+01 8.085503472222224985e+00
1.555555555555555536e+01 7.049056603773584229e+00 3.477777777777777857e+01 1.544340277777778425e+01
1.459999999999999964e+01 6.152830188679244472e+00 1.209999999999999964e+01 -7.153125000000001066e+00
1.490909090909090828e+01 6.447684391080615640e+00 1.590909090909090828e+01 -3.125000000000001776e+00
1.425000000000000000e+01 5.849056603773583163e+00 1.133333333333333393e+01 -7.544270833333330373e+00
1.430769230769230838e+01 5.939042089985488104e+00 1.784615384615384670e+01 -8.317307692307700506e-01
1.428571428571428648e+01 5.925876010781673031e+00 1.335714285714285765e+01 -5.080357142857142350e+00
1.500000000000000000e+01 6.647798742138364858e+00 1.646666666666666501e+01 -1.814583333333334991e+00
1.412500000000000000e+01 5.785377358490565669e+00 1.225000000000000000e+01 -5.994140625000000000e+00
0.000000000000000000e+00 -8.358490566037735547e+00 2.100000000000000000e+01 2.062500000000000000e+00
0.000000000000000000e+00 -8.632075471698113844e+00 1.450000000000000000e+01 -5.343750000000000000e+00
0.000000000000000000e+00 -8.698113207547169878e+00 3.566666666666666430e+01 1.574999999999999645e+01
0.000000000000000000e+00 -8.902515723270440162e+00 1.525000000000000000e+01 -4.971354166666667851e+00
0.000000000000000000e+00 -8.761320754716983572e+00 1.760000000000000142e+01 -2.182812499999997158e+00
0.000000000000000000e+00 -8.619047619047622177e+00 3.183333333333333215e+01 1.208630952380952195e+01
0.000000000000000000e+00 -8.534703504043127609e+00 1.457142857142857117e+01 -5.025669642857144126e+00
0.000000000000000000e+00 -8.500786163522013439e+00 2.950000000000000000e+01 1.002994791666666785e+01
0.000000000000000000e+00 -8.506498951781971130e+00 1.422222222222222143e+01 -5.112152777777772883e+00
1.000000000000000056e-01 -8.347169811320755528e+00 3.500000000000000000e+01 1.574687499999999929e+01
9.090909090909091161e-02 -8.370497427101200927e+00 2.109090909090908994e+01 2.056818181818179880e+00
8.333333333333332871e-02 -8.317610062893082912e+00 1.175000000000000000e+01 -7.127604166666664298e+00
7.692307692307692735e-02 -8.291727140783743621e+00 1.538461538461538503e+01 -3.293269230769231726e+00
7.142857142857142461e-02 -8.288409703504042270e+00 3.464285714285714590e+01 1.620535714285714590e+01
6.666666666666666574e-02 -8.285534591194968712e+00 1.440000000000000036e+01 -3.881249999999999645e+00
6.250000000000000000e-02 -8.277122641509434331e+00 1.375000000000000000e+01 -4.494140625000000000e+00
1.400000000000000000e+01 5.641509433962264453e+00 1.400000000000000000e+01 -4.937500000000000000e+00
1.050000000000000000e+01 1.867924528301886156e+00 1.950000000000000000e+01 -3.437500000000000000e-01
1.533333333333333393e+01 6.635220125786164047e+00 1.900000000000000000e+01 -9.166666666666678509e-01
1.550000000000000000e+01 6.597484276729559838e+00 2.400000000000000000e+01 3.778645833333332149e+00
1.800000000000000000e+01 9.238679245283016428e+00 2.360000000000000142e+01 3.817187500000002842e+00
1.540000000000000036e+01 6.699371069182388894e+00 1.533333333333333393e+01 -4.392708333333333215e+00
1.583333333333333393e+01 7.214285714285711748e+00 1.200000000000000000e+01 -7.747023809523810201e+00
1.412500000000000000e+01 5.624213836477986561e+00 3.325000000000000000e+01 1.377994791666666785e+01
1.288888888888888928e+01 4.382389937106918154e+00 8.777777777777778567e+00 -1.055659722222221575e+01
1.530000000000000071e+01 6.852830188679245538e+00 2.619999999999999929e+01 6.946874999999998579e+00
1.518181818181818166e+01 6.720411663807889013e+00 1.627272727272727337e+01 -2.761363636363636687e+00
1.525000000000000000e+01 6.849056603773583163e+00 2.350000000000000000e+01 4.622395833333335702e+00
1.461538461538461497e+01 6.246734397677794703e+00 1.600000000000000000e+01 -2.677884615384616751e+00
1.457142857142857117e+01 6.211590296495957730e+00 1.385714285714285765e+01 -4.580357142857142350e+00
1.406666666666666643e+01 5.714465408805031288e+00 1.660000000000000142e+01 -1.681249999999998579e+00
1.362500000000000000e+01 5.285377358490565669e+00 1.275000000000000000e+01 -5.494140625000000000e+00
-2.000000000000000000e+00 -1.035849056603773555e+01 1.300000000000000000e+01 -5.937500000000000000e+00
9.000000000000000000e+00 3.679245283018861556e-01 2.000000000000000000e+01 1.562500000000000000e-01
9.000000000000000000e+00 3.018867924528301216e-01 3.266666666666666430e+01 1.274999999999999645e+01
9.250000000000000000e+00 3.474842767295598378e-01 1.325000000000000000e+01 -6.971354166666667851e+00
1.300000000000000000e+01 4.238679245283016428e+00 1.559999999999999964e+01 -4.182812499999998934e+00
1.340000000000000036e+01 4.699371069182388894e+00 1.616666666666666785e+01 -3.559374999999999289e+00
1.433333333333333393e+01 5.714285714285711748e+00 1.650000000000000000e+01 -3.247023809523810201e+00
1.300000000000000000e+01 4.465296495956872391e+00 1.642857142857142705e+01 -3.168526785714288252e+00
1.187500000000000000e+01 3.374213836477986561e+00 1.100000000000000000e+01 -8.470052083333332149e+00
1.090000000000000036e+01 2.452830188679245182e+00 1.159999999999999964e+01 -7.653125000000001066e+00
1.063636363636363669e+01 2.174957118353344043e+00 1.172727272727272663e+01 -7.306818181818183433e+00
1.100000000000000000e+01 2.599056603773583163e+00 3.416666666666666430e+01 1.528906250000000000e+01
1.084615384615384670e+01 2.477503628447026429e+00 2.538461538461538325e+01 6.706730769230766498e+00
1.071428571428571352e+01 2.354447439353100080e+00 1.721428571428571530e+01 -1.223214285714284699e+00
1.026666666666666750e+01 1.914465408805032354e+00 1.326666666666666750e+01 -5.014583333333332504e+00
9.625000000000000000e+00 1.285377358490565669e+00 1.212500000000000000e+01 -6.119140625000000000e+00
1.000000000000000000e+00 -7.358490566037735547e+00 1.100000000000000000e+01 -7.937500000000000000e+00
5.000000000000000000e-01 -8.132075471698113844e+00 1.350000000000000000e+01 -6.343750000000000000e+00
3.333333333333333148e-01 -8.364779874213835953e+00 2.200000000000000000e+01 2.083333333333332149e+00
3.333333333333333481e+00 -5.569182389937106237e+00 2.450000000000000000e+01 4.278645833333332149e+00
5.250000000000000000e+00 -3.511320754716983572e+00 1.540000000000000036e+01 -4.382812499999998224e+00
6.799999999999999822e+00 -1.900628930817611639e+00 1.480000000000000071e+01 -4.926041666666666430e+00
7.666666666666666963e+00 -9.523809523809552147e-01 3.428571428571428470e+01 1.453869047619047450e+01
8.571428571428571175e+00 3.672506738544356608e-02 1.414285714285714235e+01 -5.454241071428572951e+00
9.125000000000000000e+00 6.242138364779865611e-01 9.125000000000000000e+00 -1.034505208333333215e+01
8.111111111111110716e+00 -3.953878406708604132e-01 1.633333333333333215e+01 -3.001041666666662167e+00
6.636363636363636687e+00 -1.825042881646655957e+00 2.490909090909091006e+01 5.875000000000000000e+00
6.083333333333333037e+00 -2.317610062893083800e+00 2.791666666666666785e+01 9.039062500000003553e+00
5.615384615384614975e+00 -2.753265602322205297e+00 1.384615384615384670e+01 -4.831730769230770051e+00
5.214285714285714413e+00 -3.145552560646899032e+00 2.064285714285714235e+01 2.205357142857142350e+00
4.866666666666666252e+00 -3.485534591194968890e+00 1.253333333333333321e+01 -5.747916666666666785e+00
4.562500000000000000e+00 -3.777122641509434331e+00 2.093750000000000000e+01 2.693359375000000000e+00
1.700000000000000000e+01 8.641509433962264453e+00 1.800000000000000000e+01 -9.375000000000000000e-01
1.700000000000000000e+01 8.367924528301886156e+00 1.400000000000000000e+01 -5.843750000000000000e+00
1.466666666666666607e+01 5.968553459119496196e+00 1.533333333333333393e+01 -4.583333333333333925e+00
1.250000000000000000e+01 3.597484276729559838e+00 2.450000000000000000e+01 4.278645833333332149e+00
1.559999999999999964e+01 6.838679245283016073e+00 3.800000000000000000e+01 1.821718750000000142e+01
1.333333333333333393e+01 4.632704402515722464e+00 1.383333333333333393e+01 -5.892708333333333215e+00
1.466666666666666607e+01 6.047619047619043897e+00 9.571428571428571175e+00 -1.017559523809523903e+01
1.557142857142857117e+01 7.036725067385443566e+00 2.050000000000000000e+01 9.029017857142846992e-01
1.277777777777777857e+01 4.271278825995807438e+00 1.644444444444444287e+01 -2.889930555555551450e+00
1.150000000000000000e+01 3.052830188679244827e+00 1.019999999999999929e+01 -9.053125000000001421e+00
1.045454545454545503e+01 1.993138936535162387e+00 2.081818181818181657e+01 1.784090909090906507e+00
9.583333333333333925e+00 1.182389937106917088e+00 1.475000000000000000e+01 -4.127604166666664298e+00
8.846153846153846700e+00 4.775036284470264292e-01 1.553846153846153832e+01 -3.139423076923078426e+00
8.214285714285713524e+00 -1.455525606468999200e-01 1.657142857142857295e+01 -1.866071428571427049e+00
7.666666666666666963e+00 -6.855345911949681792e-01 1.053333333333333321e+01 -7.747916666666666785e+00
7.187500000000000000e+00 -1.152122641509434331e+00 1.687500000000000000e+01 -1.369140625000000000e+00
0.000000000000000000e+00 -8.358490566037735547e+00 1.800000000000000000e+01 -9.375000000000000000e-01
0.000000000000000000e+00 -8.632075471698113844e+00 2.150000000000000000e+01 1.656250000000000000e+00
0.000000000000000000e+00 -8.698113207547169878e+00 1.433333333333333393e+01 -5.583333333333333925e+00
0.000000000000000000e+00 -8.902515723270440162e+00 3.800000000000000000e+01 1.777864583333333215e+01
0.000000000000000000e+00 -8.761320754716983572e+00 1.660000000000000142e+01 -3.182812499999997158e+00
0.000000000000000000e+00 -8.700628930817611462e+00 9.833333333333333925e+00 -9.892708333333333215e+00
0.000000000000000000e+00 -8.619047619047622177e+00 2.371428571428571530e+01 3.967261904761905100e+00
0.000000000000000000e+00 -8.534703504043127609e+00 1.575000000000000000e+01 -3.847098214285715301e+00
0.000000000000000000e+00 -8.506498951781971130e+00 3.344444444444444287e+01 1.411006944444444855e+01
0.000000000000000000e+00 -8.447169811320755173e+00 1.519999999999999929e+01 -4.053125000000001421e+00
0.000000000000000000e+00 -8.461406518010292643e+00 2.418181818181818343e+01 5.147727272727273373e+00
0.000000000000000000e+00 -8.400943396226416837e+00 1.533333333333333393e+01 -3.544270833333330373e+00
-1.538461538461538547e-01 -8.522496371552973571e+00 2.884615384615384670e+01 1.016826923076922995e+01
-1.428571428571428492e-01 -8.502695417789755794e+00 2.007142857142857295e+01 1.633928571428572951e+00
-1.333333333333333315e-01 -8.485534591194968002e+00 2.193333333333333357e+01 3.652083333333333570e+00
-1.250000000000000000e-01 -8.464622641509434331e+00 1.500000000000000000e+01 -3.244140625000000000e+00
1.600000000000000000e+01 7.641509433962264453e+00 1.600000000000000000e+01 -2.937500000000000000e+00
1.700000000000000000e+01 8.367924528301886156e+00 3.500000000000000000e+01 1.515625000000000000e+01
1.300000000000000000e+01 4.301886792452830122e+00 1.800000000000000000e+01 -1.916666666666667851e+00
1.275000000000000000e+01 3.847484276729559838e+00 1.500000000000000000e+01 -5.221354166666667851e+00
9.400000000000000355e+00 6.386792452830167832e-01 1.000000000000000000e+01 -9.782812499999998579e+00
7.833333333333333037e+00 -8.672955974842784244e-01 2.660000000000000142e+01 6.873958333333334281e+00
7.250000000000000000e+00 -1.284703504043127609e+00 3.157142857142857295e+01 1.197433035714285765e+01
7.111111111111110716e+00 -1.389675052410902722e+00 1.512500000000000000e+01 -4.345052083333332149e+00
6.900000000000000355e+00 -1.606498951781970774e+00 1.122222222222222143e+01 -8.112152777777772883e+00
7.200000000000000178e+00 -1.247169811320754995e+00 1.369999999999999929e+01 -5.553125000000001421e+00
6.545454545454545858e+00 -1.915951972555746785e+00 1.309090909090909172e+01 -5.943181818181818343e+00
6.000000000000000000e+00 -2.400943396226416837e+00 1.375000000000000000e+01 -5.127604166666664298e+00
5.538461538461538325e+00 -2.830188679245281946e+00 2.561538461538461675e+01 6.937500000000000000e+00
5.142857142857143238e+00 -3.216981132075470207e+00 3.200000000000000000e+01 1.356250000000000000e+01
4.799999999999999822e+00 -3.552201257861635320e+00 1.313333333333333286e+01 -5.147916666666667140e+00
4.500000000000000000e+00 -3.839622641509434331e+00 1.250000000000000000e+01 -5.744140625000000000e+00
1.000000000000000000e+01 1.641509433962264453e+00 1.100000000000000000e+01 -7.937500000000000000e+00
1.000000000000000000e+01 1.367924528301886156e+00 1.350000000000000000e+01 -6.343750000000000000e+00
1.466666666666666607e+01 5.968553459119496196e+00 2.200000000000000000e+01 2.083333333333332149e+00
1.100000000000000000e+01 2.097484276729559838e+00 2.450000000000000000e+01 4.278645833333332149e+00
8.800000000000000711e+00 3.867924528301713849e-02 1.540000000000000036e+01 -4.382812499999998224e+00
7.333333333333333037e+00 -1.367295597484278424e+00 1.480000000000000071e+01 -4.926041666666666430e+00
6.285714285714285587e+00 -2.333333333333336590e+00 3.428571428571428470e+01 1.453869047619047450e+01
5.500000000000000000e+00 -3.034703504043127609e+00 1.414285714285714235e+01 -5.454241071428572951e+00
4.888888888888889284e+00 -3.611897274633124155e+00 9.125000000000000000e+00 -1.034505208333333215e+01
5.900000000000000355e+00 -2.606498951781970774e+00 1.633333333333333215e+01 -3.001041666666662167e+00
6.454545454545454142e+00 -2.006861063464838502e+00 2.490909090909091006e+01 5.875000000000000000e+00
6.666666666666666963e+00 -1.734276729559749874e+00 2.791666666666666785e+01 9.039062500000003553e+00
6.153846153846154188e+00 -2.214804063860666083e+00 1.384615384615384670e+01 -4.831730769230770051e+00
6.785714285714285587e+00 -1.574123989218327857e+00 2.064285714285714235e+01 2.205357142857142350e+00
6.866666666666666252e+00 -1.485534591194968890e+00 1.253333333333333321e+01 -5.747916666666666785e+00
6.812500000000000000e+00 -1.527122641509434331e+00 2.093750000000000000e+01 2.693359375000000000e+00
2.400000000000000000e+01 1.564150943396226445e+01 2.400000000000000000e+01 5.062500000000000000e+00
2.700000000000000000e+01 1.836792452830188438e+01 2.100000000000000000e+01 1.156250000000000000e+00
2.600000000000000000e+01 1.730188679245283012e+01 2.133333333333333215e+01 1.416666666666664298e+00
2.475000000000000000e+01 1.584748427672955984e+01 2.650000000000000000e+01 6.278645833333332149e+00
2.039999999999999858e+01 1.163867924528301501e+01 1.240000000000000036e+01 -7.382812499999998224e+00
2.266666666666666785e+01 1.396603773584905639e+01 1.850000000000000000e+01 -1.226041666666667140e+00
2.257142857142857295e+01 1.395238095238095077e+01 1.500000000000000000e+01 -4.747023809523810201e+00
2.112500000000000000e+01 1.259029649595687239e+01 1.300000000000000000e+01 -6.597098214285715301e+00
2.022222222222222143e+01 1.172143605870020799e+01 1.362500000000000000e+01 -5.845052083333332149e+00
2.139999999999999858e+01 1.295283018867924341e+01 2.900000000000000000e+01 9.746874999999999289e+00
2.200000000000000000e+01 1.353859348198970736e+01 1.309090909090909172e+01 -5.943181818181818343e+00
2.158333333333333215e+01 1.318238993710691531e+01 1.550000000000000000e+01 -3.377604166666664298e+00
2.115384615384615330e+01 1.278519593613933303e+01 1.200000000000000000e+01 -6.677884615384616751e+00
1.964285714285714235e+01 1.128301886792452891e+01 2.592857142857142705e+01 7.491071428571427049e+00
1.919999999999999929e+01 1.084779874213836415e+01 2.619999999999999929e+01 7.918749999999999289e+00
1.900000000000000000e+01 1.066037735849056567e+01 1.450000000000000000e+01 -3.744140625000000000e+00
1.700000000000000000e+01 8.641509433962264453e+00 1.800000000000000000e+01 -9.375000000000000000e-01
1.550000000000000000e+01 6.867924528301886156e+00 2.150000000000000000e+01 1.656250000000000000e+00
1.600000000000000000e+01 7.301886792452830122e+00 1.433333333333333393e+01 -5.583333333333333925e+00
1.975000000000000000e+01 1.084748427672955984e+01 3.800000000000000000e+01 1.777864583333333215e+01
1.939999999999999858e+01 1.063867924528301501e+01 1.660000000000000142e+01 -3.182812499999997158e+00
1.933333333333333215e+01 1.063270440251572069e+01 9.833333333333333925e+00 -9.892708333333333215e+00
1.914285714285714235e+01 1.052380952380952017e+01 2.371428571428571530e+01 3.967261904761905100e+00
2.025000000000000000e+01 1.171529649595687239e+01 1.575000000000000000e+01 -3.847098214285715301e+00
1.988888888888888928e+01 1.138238993710691815e+01 3.344444444444444287e+01 1.411006944444444855e+01
2.039999999999999858e+01 1.195283018867924341e+01 1.519999999999999929e+01 -4.053125000000001421e+00
2.127272727272727337e+01 1.281132075471698073e+01 2.418181818181818343e+01 5.147727272727273373e+00
2.041666666666666785e+01 1.201572327044025101e+01 1.533333333333333393e+01 -3.544270833333330373e+00
2.092307692307692335e+01 1.255442670537010308e+01 2.884615384615384670e+01 1.016826923076922995e+01
2.114285714285714235e+01 1.278301886792452891e+01 2.007142857142857295e+01 1.633928571428572951e+00
2.066666666666666785e+01 1.231446540880503271e+01 2.193333333333333357e+01 3.652083333333333570e+00
2.056250000000000000e+01 1.222287735849056567e+01 1.500000000000000000e+01 -3.244140625000000000e+00
2.000000000000000000e+01 1.164150943396226445e+01 3.400000000000000000e+01 1.506250000000000000e+01
1.450000000000000000e+01 5.867924528301886156e+00 1.550000000000000000e+01 -4.343750000000000000e+00
1.366666666666666607e+01 4.968553459119496196e+00 1.400000000000000000e+01 -5.916666666666667851e+00
1.025000000000000000e+01 1.347484276729559838e+00 2.700000000000000000e+01 6.778645833333332149e+00
1.000000000000000000e+01 1.238679245283016428e+00 2.360000000000000142e+01 3.817187500000002842e+00
1.016666666666666607e+01 1.466037735849054613e+00 1.600000000000000000e+01 -3.726041666666667140e+00
1.233333333333333393e+01 3.714285714285711748e+00 1.900000000000000000e+01 -7.470238095238102005e-01
1.214285714285714235e+01 3.608153638814014741e+00 1.528571428571428648e+01 -4.311383928571428825e+00
9.444444444444444642e+00 9.379454926624735123e-01 1.009999999999999964e+01 -9.234374999999994671e+00
9.599999999999999645e+00 1.152830188679244472e+00 1.590000000000000036e+01 -3.353125000000000355e+00
9.818181818181818343e+00 1.356775300171525700e+00 1.681818181818181657e+01 -2.215909090909093493e+00
8.750000000000000000e+00 3.490566037735831628e-01 1.758333333333333215e+01 -1.294270833333332149e+00
8.307692307692308376e+00 -6.095791001451189572e-02 2.261538461538461675e+01 3.937500000000000000e+00
7.642857142857143238e+00 -7.169811320754702066e-01 2.064285714285714235e+01 2.205357142857142350e+00
7.133333333333333748e+00 -1.218867924528301394e+00 1.553333333333333321e+01 -2.747916666666666785e+00
6.937500000000000000e+00 -1.402122641509434331e+00 3.006250000000000000e+01 1.181835937500000000e+01
1.300000000000000000e+01 4.641509433962264453e+00 3.400000000000000000e+01 1.506250000000000000e+01
1.550000000000000000e+01 6.867924528301886156e+00 4.150000000000000000e+01 2.165625000000000000e+01
1.666666666666666785e+01 7.968553459119497973e+00 2.766666666666666785e+01 7.750000000000000000e+00
1.825000000000000000e+01 9.347484276729559838e+00 1.850000000000000000e+01 -1.721354166666667851e+00
1.519999999999999929e+01 6.438679245283015717e+00 2.780000000000000071e+01 8.017187500000002132e+00
1.366666666666666607e+01 4.966037735849054613e+00 2.350000000000000000e+01 3.773958333333332860e+00
1.442857142857142883e+01 5.809523809523806648e+00 2.657142857142857295e+01 6.824404761904762751e+00
1.362500000000000000e+01 5.124213836477986561e+00 2.500000000000000000e+01 5.529947916666667851e+00
1.411111111111111072e+01 5.604612159329139587e+00 1.777777777777777857e+01 -1.556597222222215748e+00
1.340000000000000036e+01 4.952830188679245182e+00 1.540000000000000036e+01 -3.853125000000000355e+00
1.309090909090909172e+01 4.629502572898799073e+00 1.472727272727272663e+01 -4.306818181818183433e+00
1.341666666666666607e+01 5.015723270440249237e+00 2.425000000000000000e+01 5.372395833333335702e+00
1.323076923076922995e+01 4.862119013062409678e+00 1.446153846153846168e+01 -4.216346153846155076e+00
1.271428571428571352e+01 4.354447439353100080e+00 1.028571428571428648e+01 -8.151785714285713524e+00
1.253333333333333321e+01 4.181132075471698073e+00 1.473333333333333250e+01 -3.547916666666667496e+00
1.256250000000000000e+01 4.222877358490565669e+00 2.031250000000000000e+01 2.068359375000000000e+00
2.300000000000000000e+01 1.464150943396226445e+01 2.300000000000000000e+01 4.062500000000000000e+00
1.750000000000000000e+01 8.867924528301886156e+00 9.000000000000000000e+00 -1.084375000000000000e+01
1.333333333333333393e+01 4.635220125786164047e+00 2.400000000000000000e+01 4.083333333333332149e+00
1.150000000000000000e+01 2.597484276729559838e+00 9.000000000000000000e+00 -1.122135416666666785e+01
1.240000000000000036e+01 3.699371069182388894e+00 1.100000000000000000e+01 -8.726041666666667140e+00
1.266666666666666607e+01 4.047619047619043897e+00 1.516666666666666607e+01 -4.580357142857144126e+00
1.357142857142857117e+01 5.036725067385443566e+00 1.550000000000000000e+01 -4.097098214285715301e+00
1.387500000000000000e+01 5.374213836477986561e+00 1.337500000000000000e+01 -6.095052083333332149e+00
1.411111111111111072e+01 5.604612159329139587e+00 2.866666666666666785e+01 9.332291666666673535e+00
1.419999999999999929e+01 5.752830188679244117e+00 2.769999999999999929e+01 8.446874999999998579e+00
1.536363636363636331e+01 6.902229845626070670e+00 1.836363636363636331e+01 -6.704545454545467464e-01
1.616666666666666785e+01 7.765723270440251014e+00 2.933333333333333215e+01 1.045572916666666785e+01
1.584615384615384670e+01 7.477503628447026429e+00 1.253846153846153832e+01 -6.139423076923078426e+00
1.621428571428571530e+01 7.854447439353101856e+00 1.264285714285714235e+01 -5.794642857142857650e+00
1.726666666666666572e+01 8.914465408805030577e+00 1.973333333333333428e+01 1.452083333333334281e+00
1.693750000000000000e+01 8.597877358490565669e+00 1.668750000000000000e+01 -1.556640625000000000e+00
8.000000000000000000e+00 -3.584905660377355474e-01 1.400000000000000000e+01 -4.937500000000000000e+00
1.000000000000000000e+01 1.367924528301886156e+00 1.200000000000000000e+01 -7.843750000000000000e+00
1.133333333333333393e+01 2.635220125786164047e+00 1.133333333333333393e+01 -8.583333333333333925e+00
8.750000000000000000e+00 -1.525157232704401622e-01 1.225000000000000000e+01 -7.971354166666667851e+00
8.800000000000000711e+00 3.867924528301713849e-02 1.540000000000000036e+01 -4.382812499999998224e+00
1.100000000000000000e+01 2.299371069182388538e+00 1.983333333333333215e+01 1.072916666666650087e-01
9.857142857142857650e+00 1.238095238095235473e+00 2.328571428571428470e+01 3.538690476190474499e+00
1.050000000000000000e+01 1.965296495956872391e+00 1.700000000000000000e+01 -2.597098214285715301e+00
1.155555555555555536e+01 3.054769392033541919e+00 1.700000000000000000e+01 -2.470052083333332149e+00
1.200000000000000000e+01 3.493501048218028870e+00 2.255555555555555713e+01 3.221180555555562819e+00
1.263636363636363669e+01 4.174957118353344043e+00 1.572727272727272663e+01 -3.306818181818183433e+00
1.375000000000000000e+01 5.349056603773583163e+00 1.116666666666666607e+01 -7.710937499999998224e+00
1.330769230769230838e+01 4.939042089985488104e+00 1.700000000000000000e+01 -1.677884615384616751e+00
1.514285714285714235e+01 6.783018867924528905e+00 3.121428571428571530e+01 1.277678571428571530e+01
1.559999999999999964e+01 7.247798742138364503e+00 2.019999999999999929e+01 1.918749999999999289e+00
1.618750000000000000e+01 7.847877358490565669e+00 1.468750000000000000e+01 -3.556640625000000000e+00
1.500000000000000000e+01 6.641509433962264453e+00 1.500000000000000000e+01 -3.937500000000000000e+00
1.700000000000000000e+01 8.367924528301886156e+00 3.200000000000000000e+01 1.215625000000000000e+01
2.166666666666666785e+01 1.296855345911949797e+01 3.800000000000000000e+01 1.808333333333333215e+01
1.950000000000000000e+01 1.073867924528301643e+01 2.500000000000000000e+01 5.217187500000001421e+00
1.900000000000000000e+01 1.029937106918238854e+01 2.583333333333333215e+01 6.107291666666665009e+00
1.800000000000000000e+01 9.380952380952377823e+00 1.571428571428571352e+01 -4.032738095238096676e+00
1.828571428571428470e+01 9.751010781671157090e+00 1.875000000000000000e+01 -8.470982142857153008e-01
1.750000000000000000e+01 8.999213836477986561e+00 1.511111111111111072e+01 -4.358940972222221433e+00
1.644444444444444287e+01 7.937945492662471736e+00 2.466666666666666785e+01 5.332291666666673535e+00
1.480000000000000071e+01 6.352830188679245538e+00 1.200000000000000000e+01 -7.253125000000000711e+00
1.345454545454545503e+01 4.993138936535162387e+00 2.590909090909091006e+01 6.875000000000000000e+00
1.233333333333333393e+01 3.932389937106917088e+00 1.108333333333333393e+01 -7.794270833333330373e+00
1.307692307692307665e+01 4.708272859216256379e+00 1.623076923076922995e+01 -2.447115384615386802e+00
1.350000000000000000e+01 5.140161725067386556e+00 1.335714285714285765e+01 -5.080357142857142350e+00
1.313333333333333286e+01 4.781132075471697718e+00 1.186666666666666714e+01 -6.414583333333332860e+00
1.337500000000000000e+01 5.035377358490565669e+00 2.656250000000000000e+01 8.318359375000000000e+00
0.000000000000000000e+00 -8.358490566037735547e+00 2.600000000000000000e+01 7.062500000000000000e+00
0.000000000000000000e+00 -8.632075471698113844e+00 1.700000000000000000e+01 -2.843750000000000000e+00
0.000000000000000000e+00 -8.698113207547169878e+00 3.400000000000000000e+01 1.408333333333333215e+01
0.000000000000000000e+00 -8.902515723270440162e+00 1.750000000000000000e+01 -2.721354166666667851e+00
0.000000000000000000e+00 -8.761320754716983572e+00 2.500000000000000000e+01 5.217187500000001421e+00
0.000000000000000000e+00 -8.700628930817611462e+00 1.950000000000000000e+01 -2.260416666666671404e-01
0.000000000000000000e+00 -8.619047619047622177e+00 2.042857142857142705e+01 6.815476190476168483e-01
0.000000000000000000e+00 -8.534703504043127609e+00 3.228571428571428470e+01 1.268861607142856940e+01
0.000000000000000000e+00 -8.500786163522013439e+00 1.111111111111111072e+01 -8.358940972222221433e+00
0.000000000000000000e+00 -8.506498951781971130e+00 1.666666666666666785e+01 -2.667708333333326465e+00
0.000000000000000000e+00 -8.461406518010292643e+00 9.818181818181818343e+00 -9.215909090909091717e+00
0.000000000000000000e+00 -8.400943396226416837e+00 1.308333333333333393e+01 -5.794270833333330373e+00
0.000000000000000000e+00 -8.368650217706820271e+00 1.084615384615384670e+01 -7.831730769230770051e+00
0.000000000000000000e+00 -8.359838274932613444e+00 1.421428571428571352e+01 -4.223214285714286476e+00
0.000000000000000000e+00 -8.352201257861635142e+00 2.813333333333333286e+01 9.852083333333332860e+00
0.000000000000000000e+00 -8.339622641509434331e+00 1.312500000000000000e+01 -5.119140625000000000e+00
2.000000000000000000e+00 -6.358490566037735547e+00 1.600000000000000000e+01 -2.937500000000000000e+00
1.050000000000000000e+01 1.867924528301886156e+00 3.250000000000000000e+01 1.265625000000000000e+01
8.666666666666666075e+00 -3.144654088050380381e-02 2.700000000000000000e+01 7.083333333333332149e+00
1.075000000000000000e+01 1.847484276729559838e+00 2.550000000000000000e+01 5.278645833333332149e+00
1.019999999999999929e+01 1.438679245283015717e+00 1.639999999999999858e+01 -3.382812500000000000e+00
1.116666666666666607e+01 2.466037735849054613e+00 1.233333333333333393e+01 -7.392708333333333215e+00
9.571428571428571175e+00 1.036725067385443566e+00 2.325000000000000000e+01 3.652901785714284699e+00
1.025000000000000000e+01 1.749213836477986561e+00 1.425000000000000000e+01 -5.220052083333332149e+00
9.333333333333333925e+00 8.268343815513627959e-01 2.500000000000000000e+01 5.665625000000005684e+00
8.900000000000000355e+00 4.528301886792451825e-01 3.130000000000000071e+01 1.204687500000000000e+01
9.454545454545455030e+00 9.931389365351623866e-01 1.054545454545454497e+01 -8.488636363636365090e+00
9.666666666666666075e+00 1.265723270440249237e+00 1.641666666666666785e+01 -2.460937499999996447e+00
9.846153846153846700e+00 1.477503628447026429e+00 1.976923076923077005e+01 1.091346153846153300e+00
1.064285714285714235e+01 2.283018867924528905e+00 2.250000000000000000e+01 4.062500000000000000e+00
1.106666666666666643e+01 2.714465408805031288e+00 3.093333333333333357e+01 1.265208333333333357e+01
1.068750000000000000e+01 2.347877358490565669e+00 1.562500000000000000e+01 -2.619140625000000000e+00
1.700000000000000000e+01 8.641509433962264453e+00 1.700000000000000000e+01 -1.937500000000000000e+00
1.650000000000000000e+01 7.867924528301886156e+00 1.500000000000000000e+01 -4.843750000000000000e+00
1.700000000000000000e+01 8.301886792452830122e+00 1.633333333333333215e+01 -3.583333333333335702e+00
1.475000000000000000e+01 5.847484276729559838e+00 1.625000000000000000e+01 -3.971354166666667851e+00
1.216666666666666607e+01 3.466037735849054613e+00 1.266666666666666607e+01 -7.059375000000001066e+00
1.300000000000000000e+01 4.380952380952377823e+00 2.466666666666666785e+01 4.919642857142857650e+00
1.312500000000000000e+01 4.590296495956872391e+00 2.671428571428571530e+01 7.117187500000000000e+00
1.477777777777777857e+01 6.276991614255765128e+00 3.387500000000000000e+01 1.440494791666666785e+01
1.677777777777777857e+01 8.271278825995807438e+00 1.177777777777777857e+01 -7.556597222222215748e+00
1.669999999999999929e+01 8.252830188679244117e+00 2.100000000000000000e+01 1.746874999999999289e+00
1.563636363636363669e+01 7.174957118353344043e+00 1.290909090909090828e+01 -6.125000000000001776e+00
1.600000000000000000e+01 7.599056603773583163e+00 2.666666666666666785e+01 7.789062500000003553e+00
1.584615384615384670e+01 7.477503628447026429e+00 1.330769230769230838e+01 -5.370192307692308376e+00
1.521428571428571352e+01 6.854447439353100080e+00 2.428571428571428470e+01 5.848214285714284699e+00
1.426666666666666750e+01 5.914465408805032354e+00 1.273333333333333250e+01 -5.547916666666667496e+00
1.337500000000000000e+01 5.035377358490565669e+00 1.593750000000000000e+01 -2.306640625000000000e+00
2.200000000000000000e+01 1.364150943396226445e+01 3.900000000000000000e+01 2.006250000000000000e+01
1.600000000000000000e+01 7.367924528301886156e+00 9.000000000000000000e+00 -1.084375000000000000e+01
1.366666666666666607e+01 4.968553459119496196e+00 9.000000000000000000e+00 -1.091666666666666785e+01
1.700000000000000000e+01 8.097484276729559838e+00 1.975000000000000000e+01 -4.713541666666678509e-01
1.839999999999999858e+01 9.638679245283015007e+00 1.725000000000000000e+01 -2.532812499999998579e+00
2.166666666666666785e+01 1.296603773584905639e+01 2.650000000000000000e+01 6.773958333333332860e+00
2.214285714285714235e+01 1.352380952380952017e+01 1.414285714285714235e+01 -5.604166666666667851e+00
2.100000000000000000e+01 1.246529649595687239e+01 2.528571428571428470e+01 5.688616071428569398e+00
2.144444444444444287e+01 1.294365828092242943e+01 2.100000000000000000e+01 1.529947916666667851e+00
2.080000000000000071e+01 1.235283018867924554e+01 1.650000000000000000e+01 -2.753125000000000711e+00
1.981818181818181657e+01 1.135677530017152392e+01 1.536363636363636331e+01 -3.670454545454546746e+00
1.933333333333333215e+01 1.093238993710691531e+01 1.666666666666666785e+01 -2.210937499999996447e+00
1.884615384615384670e+01 1.047750362844702643e+01 1.692307692307692335e+01 -1.754807692307693401e+00
1.921428571428571530e+01 1.085444743935310186e+01 1.178571428571428648e+01 -6.651785714285713524e+00
2.006666666666666643e+01 1.171446540880503129e+01 2.139999999999999858e+01 3.118749999999998579e+00
2.056250000000000000e+01 1.222287735849056567e+01 1.731250000000000000e+01 -9.316406250000000000e-01
0.000000000000000000e+00 -8.358490566037735547e+00 1.800000000000000000e+01 -9.375000000000000000e-01
-1.000000000000000000e+00 -9.632075471698113844e+00 1.350000000000000000e+01 -6.343750000000000000e+00
-6.666666666666666297e-01 -9.364779874213835953e+00 1.500000000000000000e+01 -4.916666666666667851e+00
-5.000000000000000000e-01 -9.402515723270440162e+00 1.850000000000000000e+01 -1.721354166666667851e+00
-4.000000000000000222e-01 -9.161320754716983927e+00 7.000000000000000000e+00 -1.278281249999999858e+01
0.000000000000000000e+00 -8.619047619047622177e+00 3.283333333333333570e+01 1.308630952380952550e+01
0.000000000000000000e+00 -8.534703504043127609e+00 1.500000000000000000e+01 -4.597098214285715301e+00
0.000000000000000000e+00 -8.500786163522013439e+00 1.662500000000000000e+01 -2.845052083333332149e+00
6.666666666666666297e-01 -7.839832285115304167e+00 1.411111111111111072e+01 -5.223263888888883599e+00
3.600000000000000089e+00 -4.847169811320755528e+00 2.710000000000000142e+01 7.846875000000000711e+00
4.727272727272727515e+00 -3.734133790737565128e+00 2.418181818181818343e+01 5.147727272727273373e+00
5.500000000000000000e+00 -2.900943396226416837e+00 3.058333333333333215e+01 1.170572916666666785e+01
5.307692307692307487e+00 -3.060957910014512784e+00 2.107692307692307665e+01 2.399038461538459899e+00
5.571428571428571175e+00 -2.788409703504042270e+00 1.507142857142857117e+01 -3.366071428571428825e+00
6.066666666666666430e+00 -2.285534591194968712e+00 1.633333333333333215e+01 -1.947916666666667851e+00
6.562500000000000000e+00 -1.777122641509434331e+00 2.093750000000000000e+01 2.693359375000000000e+00
0.000000000000000000e+00 -8.358490566037735547e+00 1.000000000000000000e+01 -8.937500000000000000e+00
0.000000000000000000e+00 -8.632075471698113844e+00 1.800000000000000000e+01 -1.843750000000000000e+00
0.000000000000000000e+00 -8.698113207547169878e+00 1.000000000000000000e+01 -9.916666666666667851e+00
0.000000000000000000e+00 -8.902515723270440162e+00 2.025000000000000000e+01 2.864583333333214910e-02
0.000000000000000000e+00 -8.700628930817611462e+00 2.716666666666666785e+01 7.440625000000000711e+00
0.000000000000000000e+00 -8.619047619047622177e+00 2.100000000000000000e+01 1.252976190476189799e+00
0.000000000000000000e+00 -8.534703504043127609e+00 1.662500000000000000e+01 -2.972098214285715301e+00
0.000000000000000000e+00 -8.500786163522013439e+00 3.325000000000000000e+01 1.377994791666666785e+01
0.000000000000000000e+00 -8.506498951781971130e+00 1.522222222222222143e+01 -4.112152777777772883e+00
0.000000000000000000e+00 -8.447169811320755173e+00 1.440000000000000036e+01 -4.853125000000000355e+00
0.000000000000000000e+00 -8.461406518010292643e+00 1.254545454545454497e+01 -6.488636363636365090e+00
0.000000000000000000e+00 -8.400943396226416837e+00 1.325000000000000000e+01 -5.627604166666664298e+00
0.000000000000000000e+00 -8.368650217706820271e+00 2.830769230769230660e+01 9.629807692307689848e+00
1.428571428571428492e-01 -8.216981132075471095e+00 1.885714285714285765e+01 4.196428571428576504e-01
1.333333333333333315e-01 -8.218867924528302282e+00 1.400000000000000000e+01 -4.281250000000000000e+00
1.250000000000000000e-01 -8.214622641509434331e+00 1.275000000000000000e+01 -5.494140625000000000e+00
0.000000000000000000e+00 -8.358490566037735547e+00 2.200000000000000000e+01 3.062500000000000000e+00
0.000000000000000000e+00 -8.632075471698113844e+00 2.450000000000000000e+01 4.656250000000000000e+00
3.333333333333333148e-01 -8.364779874213835953e+00 1.533333333333333393e+01 -4.583333333333333925e+00
2.500000000000000000e-01 -8.652515723270440162e+00 1.375000000000000000e+01 -6.471354166666667851e+00
2.000000000000000111e-01 -8.561320754716984283e+00 8.000000000000000000e+00 -1.178281249999999858e+01
1.666666666666666574e-01 -8.452380952380956103e+00 1.400000000000000000e+01 -5.747023809523810201e+00
1.428571428571428492e-01 -8.391846361185985259e+00 8.571428571428571175e+00 -1.102566964285714413e+01
1.250000000000000000e-01 -8.375786163522013439e+00 1.900000000000000000e+01 -4.700520833333321491e-01
1.111111111111111049e-01 -8.395387840670860413e+00 1.433333333333333393e+01 -5.001041666666660390e+00
1.000000000000000056e-01 -8.347169811320755528e+00 3.470000000000000284e+01 1.544687500000000213e+01
9.090909090909091161e-02 -8.370497427101200927e+00 2.972727272727272663e+01 1.069318181818181657e+01
8.333333333333332871e-02 -8.317610062893082912e+00 2.641666666666666785e+01 7.539062500000003553e+00
7.692307692307692735e-02 -8.291727140783743621e+00 1.361538461538461497e+01 -5.062500000000001776e+00
7.142857142857142461e-02 -8.288409703504042270e+00 1.628571428571428470e+01 -2.151785714285715301e+00
6.666666666666666574e-02 -8.285534591194968712e+00 3.139999999999999858e+01 1.311874999999999858e+01
6.250000000000000000e-02 -8.277122641509434331e+00 1.912500000000000000e+01 8.808593750000000000e-01
0.000000000000000000e+00 -8.358490566037735547e+00 1.400000000000000000e+01 -4.937500000000000000e+00
0.000000000000000000e+00 -8.632075471698113844e+00 1.950000000000000000e+01 -3.437500000000000000e-01
0.000000000000000000e+00 -8.698113207547169878e+00 1.900000000000000000e+01 -9.166666666666678509e-01
0.000000000000000000e+00 -8.902515723270440162e+00 2.400000000000000000e+01 3.778645833333332149e+00
0.000000000000000000e+00 -8.761320754716983572e+00 2.360000000000000142e+01 3.817187500000002842e+00
-3.333333333333333148e-01 -9.033962264150945387e+00 1.533333333333333393e+01 -4.392708333333333215e+00
-3.333333333333333148e-01 -8.952380952380956103e+00 1.200000000000000000e+01 -7.747023809523810201e+00
-2.500000000000000000e-01 -8.750786163522013439e+00 3.325000000000000000e+01 1.377994791666666785e+01
-2.222222222222222099e-01 -8.728721174004192562e+00 8.777777777777778567e+00 -1.055659722222221575e+01
-2.000000000000000111e-01 -8.647169811320754462e+00 2.619999999999999929e+01 6.946874999999998579e+00
-1.818181818181818232e-01 -8.643224699828474300e+00 1.627272727272727337e+01 -2.761363636363636687e+00
-1.666666666666666574e-01 -8.567610062893082912e+00 2.350000000000000000e+01 4.622395833333335702e+00
3.076923076923077094e-01 -8.060957910014511896e+00 1.600000000000000000e+01 -2.677884615384616751e+00
2.857142857142856984e-01 -8.074123989218326969e+00 1.385714285714285765e+01 -4.580357142857142350e+00
1.333333333333333315e-01 -8.218867924528302282e+00 1.660000000000000142e+01 -1.681249999999998579e+00
1.250000000000000000e-01 -8.214622641509434331e+00 1.275000000000000000e+01 -5.494140625000000000e+00
3.100000000000000000e+01 2.264150943396226268e+01 4.700000000000000000e+01 2.806250000000000000e+01
2.400000000000000000e+01 1.536792452830188616e+01 1.600000000000000000e+01 -3.843750000000000000e+00
2.300000000000000000e+01 1.430188679245283012e+01 1.600000000000000000e+01 -3.916666666666667851e+00
2.325000000000000000e+01 1.434748427672955984e+01 1.700000000000000000e+01 -3.221354166666667851e+00
2.200000000000000000e+01 1.323867924528301643e+01 1.960000000000000142e+01 -1.828124999999971578e-01
1.966666666666666785e+01 1.096603773584905639e+01 3.379999999999999716e+01 1.407395833333333002e+01
2.014285714285714235e+01 1.160815363881401474e+01 2.914285714285714235e+01 9.545758928571427049e+00
1.925000000000000000e+01 1.074921383647798656e+01 1.275000000000000000e+01 -6.720052083333332149e+00
2.000000000000000000e+01 1.149350104821802887e+01 2.144444444444444287e+01 2.110069444444448550e+00
1.819999999999999929e+01 9.752830188679244117e+00 1.910000000000000142e+01 -1.531249999999992895e-01
1.790909090909091006e+01 9.447684391080617416e+00 3.381818181818182012e+01 1.478409090909091006e+01
1.725000000000000000e+01 8.849056603773583163e+00 1.991666666666666785e+01 1.039062500000003553e+00
1.738461538461538325e+01 9.015965166908562978e+00 1.415384615384615330e+01 -4.524038461538463451e+00
1.771428571428571530e+01 9.354447439353101856e+00 1.585714285714285765e+01 -2.580357142857142350e+00
1.846666666666666501e+01 1.011446540880502987e+01 1.673333333333333428e+01 -1.547916666666665719e+00
1.818750000000000000e+01 9.847877358490565669e+00 3.331250000000000000e+01 1.506835937500000000e+01
