3.000000000000000000e+00 4.239130434782607537e-01 1.100000000000000000e+01 1.343750000000000000e+00
8.500000000000000000e+00 6.080645161290322065e+00 1.250000000000000000e+01 3.453125000000000000e+00
5.666666666666666963e+00 3.333333333333333481e+00 8.666666666666666075e+00 2.500000000000000000e-01
2.000000000000000000e+00 -5.760869565217392463e-01 2.000000000000000000e+00 -7.656250000000000000e+00
1.500000000000000000e+00 -9.193548387096774910e-01 2.500000000000000000e+00 -6.546875000000000000e+00
2.666666666666666519e+00 3.333333333333330373e-01 5.333333333333333037e+00 -3.083333333333333037e+00
0.000000000000000000e+00 -2.576086956521739246e+00 1.500000000000000000e+01 5.343750000000000000e+00
0.000000000000000000e+00 -2.419354838709677491e+00 1.450000000000000000e+01 5.453125000000000000e+00
0.000000000000000000e+00 -2.333333333333333481e+00 9.000000000000000000e+00 5.833333333333339255e-01
0.000000000000000000e+00 -2.576086956521739246e+00 6.000000000000000000e+00 -3.656250000000000000e+00
0.000000000000000000e+00 -2.419354838709677491e+00 6.000000000000000000e+00 -3.046875000000000000e+00
3.333333333333333148e-01 -2.000000000000000000e+00 4.666666666666666963e+00 -3.749999999999999112e+00
0.000000000000000000e+00 -2.576086956521739246e+00 1.100000000000000000e+01 1.343750000000000000e+00
0.000000000000000000e+00 -2.419354838709677491e+00 1.800000000000000000e+01 8.953125000000000000e+00
0.000000000000000000e+00 -2.333333333333333481e+00 6.333333333333333037e+00 -2.083333333333333037e+00
0.000000000000000000e+00 -2.576086956521739246e+00 0.000000000000000000e+00 -9.656250000000000000e+00
1.000000000000000000e+00 -1.419354838709677491e+00 6.500000000000000000e+00 -2.546875000000000000e+00
3.000000000000000000e+00 6.666666666666665186e-01 5.666666666666666963e+00 -2.749999999999999112e+00
3.000000000000000000e+00 4.239130434782607537e-01 4.000000000000000000e+00 -5.656250000000000000e+00
2.000000000000000000e+00 -4.193548387096774910e-01 3.500000000000000000e+00 -5.546875000000000000e+00
1.666666666666666741e+00 -6.666666666666667407e-01 3.333333333333333481e+00 -5.083333333333332149e+00
0.000000000000000000e+00 -2.576086956521739246e+00 4.000000000000000000e+00 -5.656250000000000000e+00
0.000000000000000000e+00 -2.419354838709677491e+00 5.500000000000000000e+00 -3.546875000000000000e+00
0.000000000000000000e+00 -2.333333333333333481e+00 1.666666666666666741e+00 -6.749999999999999112e+00
0.000000000000000000e+00 -2.576086956521739246e+00 1.000000000000000000e+01 3.437500000000000000e-01
0.000000000000000000e+00 -2.419354838709677491e+00 4.500000000000000000e+00 -4.546875000000000000e+00
0.000000000000000000e+00 -2.333333333333333481e+00 5.666666666666666963e+00 -2.749999999999999112e+00
5.000000000000000000e+00 2.423913043478260754e+00 5.000000000000000000e+00 -4.656250000000000000e+00
3.000000000000000000e+00 5.806451612903225090e-01 2.500000000000000000e+00 -6.546875000000000000e+00
2.333333333333333481e+00 0.000000000000000000e+00 4.666666666666666963e+00 -3.749999999999999112e+00
0.000000000000000000e+00 -2.576086956521739246e+00 8.000000000000000000e+00 -1.656250000000000000e+00
0.000000000000000000e+00 -2.419354838709677491e+00 1.250000000000000000e+01 3.453125000000000000e+00
3.333333333333333481e+00 1.000000000000000000e+00 8.333333333333333925e+00 -8.333333333333214910e-02
0.000000000000000000e+00 -2.576086956521739246e+00 8.000000000000000000e+00 -1.656250000000000000e+00
0.000000000000000000e+00 -2.419354838709677491e+00 1.250000000000000000e+01 3.453125000000000000e+00
3.333333333333333148e-01 -2.000000000000000000e+00 8.333333333333333925e+00 -8.333333333333214910e-02
4.000000000000000000e+00 1.423913043478260754e+00 1.200000000000000000e+01 2.343750000000000000e+00
6.000000000000000000e+00 3.580645161290322509e+00 1.300000000000000000e+01 3.953125000000000000e+00
7.000000000000000000e+00 4.666666666666666075e+00 8.000000000000000000e+00 -4.166666666666660745e-01
3.000000000000000000e+00 4.239130434782607537e-01 8.000000000000000000e+00 -1.656250000000000000e+00
1.500000000000000000e+00 -9.193548387096774910e-01 5.500000000000000000e+00 -3.546875000000000000e+00
1.000000000000000000e+00 -1.333333333333333481e+00 2.333333333333333481e+00 -6.083333333333332149e+00
0.000000000000000000e+00 -2.576086956521739246e+00 6.000000000000000000e+00 -3.656250000000000000e+00
0.000000000000000000e+00 -2.419354838709677491e+00 1.450000000000000000e+01 5.453125000000000000e+00
0.000000000000000000e+00 -2.333333333333333481e+00 5.666666666666666963e+00 -2.749999999999999112e+00
7.000000000000000000e+00 4.423913043478260754e+00 9.000000000000000000e+00 -6.562500000000000000e-01
6.000000000000000000e+00 3.580645161290322509e+00 4.500000000000000000e+00 -4.546875000000000000e+00
4.666666666666666963e+00 2.333333333333333481e+00 4.333333333333333037e+00 -4.083333333333333037e+00
0.000000000000000000e+00 -2.576086956521739246e+00 1.200000000000000000e+01 2.343750000000000000e+00
5.000000000000000000e-01 -1.919354838709677491e+00 1.300000000000000000e+01 3.953125000000000000e+00
3.333333333333333148e-01 -2.000000000000000000e+00 8.000000000000000000e+00 -4.166666666666660745e-01
7.000000000000000000e+00 4.423913043478260754e+00 7.000000000000000000e+00 -2.656250000000000000e+00
4.000000000000000000e+00 1.580645161290322509e+00 6.000000000000000000e+00 -3.046875000000000000e+00
2.666666666666666519e+00 3.333333333333330373e-01 6.666666666666666963e+00 -1.749999999999999112e+00
0.000000000000000000e+00 -2.576086956521739246e+00 0.000000000000000000e+00 -9.656250000000000000e+00
5.000000000000000000e-01 -1.919354838709677491e+00 6.500000000000000000e+00 -2.546875000000000000e+00
3.333333333333333148e-01 -2.000000000000000000e+00 5.666666666666666963e+00 -2.749999999999999112e+00
8.000000000000000000e+00 5.423913043478260754e+00 1.200000000000000000e+01 2.343750000000000000e+00
5.500000000000000000e+00 3.080645161290322509e+00 1.300000000000000000e+01 3.953125000000000000e+00
4.333333333333333037e+00 1.999999999999999556e+00 8.000000000000000000e+00 -4.166666666666660745e-01
0.000000000000000000e+00 -2.576086956521739246e+00 4.000000000000000000e+00 -5.656250000000000000e+00
0.000000000000000000e+00 -2.419354838709677491e+00 5.000000000000000000e+00 -4.046875000000000000e+00
0.000000000000000000e+00 -2.333333333333333481e+00 9.000000000000000000e+00 5.833333333333339255e-01
4.000000000000000000e+00 1.423913043478260754e+00 1.800000000000000000e+01 8.343750000000000000e+00
3.000000000000000000e+00 5.806451612903225090e-01 6.000000000000000000e+00 -3.046875000000000000e+00
2.333333333333333481e+00 0.000000000000000000e+00 7.333333333333333037e+00 -1.083333333333333037e+00
0.000000000000000000e+00 -2.576086956521739246e+00 1.100000000000000000e+01 1.343750000000000000e+00
0.000000000000000000e+00 -2.419354838709677491e+00 1.800000000000000000e+01 8.953125000000000000e+00
0.000000000000000000e+00 -2.333333333333333481e+00 6.333333333333333037e+00 -2.083333333333333037e+00
8.000000000000000000e+00 5.423913043478260754e+00 1.500000000000000000e+01 5.343750000000000000e+00
1.750000000000000000e+01 1.508064516129032206e+01 1.450000000000000000e+01 5.453125000000000000e+00
1.166666666666666607e+01 9.333333333333332149e+00 9.000000000000000000e+00 5.833333333333339255e-01
8.000000000000000000e+00 5.423913043478260754e+00 8.000000000000000000e+00 -1.656250000000000000e+00
1.550000000000000000e+01 1.308064516129032206e+01 1.250000000000000000e+01 3.453125000000000000e+00
1.200000000000000000e+01 9.666666666666666075e+00 8.333333333333333925e+00 -8.333333333333214910e-02
1.000000000000000000e+00 -1.576086956521739246e+00 1.000000000000000000e+00 -8.656250000000000000e+00
2.000000000000000000e+00 -4.193548387096774910e-01 7.500000000000000000e+00 -1.546875000000000000e+00
2.666666666666666519e+00 3.333333333333330373e-01 5.333333333333333037e+00 -3.083333333333333037e+00
0.000000000000000000e+00 -2.576086956521739246e+00 6.000000000000000000e+00 -3.656250000000000000e+00
0.000000000000000000e+00 -2.419354838709677491e+00 1.000000000000000000e+01 9.531250000000000000e-01
0.000000000000000000e+00 -2.333333333333333481e+00 1.700000000000000000e+01 8.583333333333333925e+00
0.000000000000000000e+00 -2.576086956521739246e+00 1.000000000000000000e+01 3.437500000000000000e-01
0.000000000000000000e+00 -2.419354838709677491e+00 4.500000000000000000e+00 -4.546875000000000000e+00
0.000000000000000000e+00 -2.333333333333333481e+00 5.666666666666666963e+00 -2.749999999999999112e+00
0.000000000000000000e+00 -2.576086956521739246e+00 4.000000000000000000e+00 -5.656250000000000000e+00
0.000000000000000000e+00 -2.419354838709677491e+00 3.500000000000000000e+00 -5.546875000000000000e+00
0.000000000000000000e+00 -2.333333333333333481e+00 3.333333333333333481e+00 -5.083333333333332149e+00
0.000000000000000000e+00 -2.576086956521739246e+00 1.400000000000000000e+01 4.343750000000000000e+00
0.000000000000000000e+00 -2.419354838709677491e+00 9.000000000000000000e+00 -4.687500000000000000e-02
0.000000000000000000e+00 -2.333333333333333481e+00 1.233333333333333393e+01 3.916666666666667851e+00
1.000000000000000000e+00 -1.576086956521739246e+00 1.400000000000000000e+01 4.343750000000000000e+00
5.000000000000000000e-01 -1.919354838709677491e+00 1.800000000000000000e+01 8.953125000000000000e+00
3.333333333333333148e-01 -2.000000000000000000e+00 5.000000000000000000e+00 -3.416666666666666075e+00
1.000000000000000000e+00 -1.576086956521739246e+00 1.800000000000000000e+01 8.343750000000000000e+00
5.000000000000000000e-01 -1.919354838709677491e+00 6.000000000000000000e+00 -3.046875000000000000e+00
3.333333333333333148e-01 -2.000000000000000000e+00 7.333333333333333037e+00 -1.083333333333333037e+00
0.000000000000000000e+00 -2.576086956521739246e+00 1.100000000000000000e+01 1.343750000000000000e+00
0.000000000000000000e+00 -2.419354838709677491e+00 1.250000000000000000e+01 3.453125000000000000e+00
0.000000000000000000e+00 -2.333333333333333481e+00 8.666666666666666075e+00 2.500000000000000000e-01
4.000000000000000000e+00 1.423913043478260754e+00 4.000000000000000000e+00 -5.656250000000000000e+00
3.000000000000000000e+00 5.806451612903225090e-01 5.500000000000000000e+00 -3.546875000000000000e+00
2.000000000000000000e+00 -3.333333333333334814e-01 1.666666666666666741e+00 -6.749999999999999112e+00
5.000000000000000000e+00 2.423913043478260754e+00 6.000000000000000000e+00 -3.656250000000000000e+00
4.500000000000000000e+00 2.080645161290322509e+00 1.000000000000000000e+01 9.531250000000000000e-01
5.333333333333333037e+00 2.999999999999999556e+00 1.700000000000000000e+01 8.583333333333333925e+00
0.000000000000000000e+00 -2.576086956521739246e+00 2.000000000000000000e+00 -7.656250000000000000e+00
0.000000000000000000e+00 -2.419354838709677491e+00 1.050000000000000000e+01 1.453125000000000000e+00
0.000000000000000000e+00 -2.333333333333333481e+00 9.333333333333333925e+00 9.166666666666678509e-01
0.000000000000000000e+00 -2.576086956521739246e+00 6.000000000000000000e+00 -3.656250000000000000e+00
0.000000000000000000e+00 -2.419354838709677491e+00 1.000000000000000000e+01 9.531250000000000000e-01
0.000000000000000000e+00 -2.333333333333333481e+00 1.700000000000000000e+01 8.583333333333333925e+00
0.000000000000000000e+00 -2.576086956521739246e+00 1.600000000000000000e+01 6.343750000000000000e+00
0.000000000000000000e+00 -2.419354838709677491e+00 3.500000000000000000e+00 -5.546875000000000000e+00
0.000000000000000000e+00 -2.333333333333333481e+00 1.100000000000000000e+01 2.583333333333333925e+00
0.000000000000000000e+00 -2.576086956521739246e+00 4.000000000000000000e+00 -5.656250000000000000e+00
0.000000000000000000e+00 -2.419354838709677491e+00 3.500000000000000000e+00 -5.546875000000000000e+00
0.000000000000000000e+00 -2.333333333333333481e+00 3.333333333333333481e+00 -5.083333333333332149e+00
4.000000000000000000e+00 1.423913043478260754e+00 8.000000000000000000e+00 -1.656250000000000000e+00
2.000000000000000000e+00 -4.193548387096774910e-01 5.500000000000000000e+00 -3.546875000000000000e+00
2.000000000000000000e+00 -3.333333333333334814e-01 2.333333333333333481e+00 -6.083333333333332149e+00
0.000000000000000000e+00 -2.576086956521739246e+00 1.400000000000000000e+01 4.343750000000000000e+00
0.000000000000000000e+00 -2.419354838709677491e+00 9.000000000000000000e+00 -4.687500000000000000e-02
0.000000000000000000e+00 -2.333333333333333481e+00 1.233333333333333393e+01 3.916666666666667851e+00
0.000000000000000000e+00 -2.576086956521739246e+00 6.000000000000000000e+00 -3.656250000000000000e+00
0.000000000000000000e+00 -2.419354838709677491e+00 1.450000000000000000e+01 5.453125000000000000e+00
0.000000000000000000e+00 -2.333333333333333481e+00 5.666666666666666963e+00 -2.749999999999999112e+00
0.000000000000000000e+00 -2.576086956521739246e+00 4.000000000000000000e+00 -5.656250000000000000e+00
0.000000000000000000e+00 -2.419354838709677491e+00 5.000000000000000000e+00 -4.046875000000000000e+00
0.000000000000000000e+00 -2.333333333333333481e+00 5.000000000000000000e+00 -3.416666666666666075e+00
0.000000000000000000e+00 -2.576086956521739246e+00 8.000000000000000000e+00 -1.656250000000000000e+00
0.000000000000000000e+00 -2.419354838709677491e+00 5.000000000000000000e+00 -4.046875000000000000e+00
0.000000000000000000e+00 -2.333333333333333481e+00 5.333333333333333037e+00 -3.083333333333333037e+00
2.000000000000000000e+00 -5.760869565217392463e-01 2.000000000000000000e+00 -7.656250000000000000e+00
2.500000000000000000e+00 8.064516129032250902e-02 1.050000000000000000e+01 1.453125000000000000e+00
2.333333333333333481e+00 0.000000000000000000e+00 9.333333333333333925e+00 9.166666666666678509e-01
0.000000000000000000e+00 -2.576086956521739246e+00 3.000000000000000000e+00 -6.656250000000000000e+00
0.000000000000000000e+00 -2.419354838709677491e+00 6.500000000000000000e+00 -2.546875000000000000e+00
0.000000000000000000e+00 -2.333333333333333481e+00 1.200000000000000000e+01 3.583333333333333925e+00
0.000000000000000000e+00 -2.576086956521739246e+00 2.000000000000000000e+00 -7.656250000000000000e+00
0.000000000000000000e+00 -2.419354838709677491e+00 2.000000000000000000e+00 -7.046875000000000000e+00
0.000000000000000000e+00 -2.333333333333333481e+00 9.333333333333333925e+00 9.166666666666678509e-01
0.000000000000000000e+00 -2.576086956521739246e+00 2.000000000000000000e+00 -7.656250000000000000e+00
0.000000000000000000e+00 -2.419354838709677491e+00 2.000000000000000000e+00 -7.046875000000000000e+00
0.000000000000000000e+00 -2.333333333333333481e+00 9.333333333333333925e+00 9.166666666666678509e-01
0.000000000000000000e+00 -2.576086956521739246e+00 4.000000000000000000e+00 -5.656250000000000000e+00
0.000000000000000000e+00 -2.419354838709677491e+00 5.000000000000000000e+00 -4.046875000000000000e+00
0.000000000000000000e+00 -2.333333333333333481e+00 9.000000000000000000e+00 5.833333333333339255e-01
1.400000000000000000e+01 1.142391304347826164e+01 1.400000000000000000e+01 4.343750000000000000e+00
1.050000000000000000e+01 8.080645161290322065e+00 9.000000000000000000e+00 -4.687500000000000000e-02
1.100000000000000000e+01 8.666666666666666075e+00 1.233333333333333393e+01 3.916666666666667851e+00
0.000000000000000000e+00 -2.576086956521739246e+00 0.000000000000000000e+00 -9.656250000000000000e+00
0.000000000000000000e+00 -2.419354838709677491e+00 3.500000000000000000e+00 -5.546875000000000000e+00
0.000000000000000000e+00 -2.333333333333333481e+00 4.666666666666666963e+00 -3.749999999999999112e+00
2.000000000000000000e+00 -5.760869565217392463e-01 2.000000000000000000e+00 -7.656250000000000000e+00
1.000000000000000000e+00 -1.419354838709677491e+00 2.000000000000000000e+00 -7.046875000000000000e+00
4.000000000000000000e+00 1.666666666666666519e+00 9.333333333333333925e+00 9.166666666666678509e-01
0.000000000000000000e+00 -2.576086956521739246e+00 2.000000000000000000e+00 -7.656250000000000000e+00
0.000000000000000000e+00 -2.419354838709677491e+00 2.500000000000000000e+00 -6.546875000000000000e+00
0.000000000000000000e+00 -2.333333333333333481e+00 5.333333333333333037e+00 -3.083333333333333037e+00
0.000000000000000000e+00 -2.576086956521739246e+00 1.600000000000000000e+01 6.343750000000000000e+00
0.000000000000000000e+00 -2.419354838709677491e+00 3.500000000000000000e+00 -5.546875000000000000e+00
0.000000000000000000e+00 -2.333333333333333481e+00 1.100000000000000000e+01 2.583333333333333925e+00
1.000000000000000000e+00 -1.576086956521739246e+00 8.000000000000000000e+00 -1.656250000000000000e+00
2.500000000000000000e+00 8.064516129032250902e-02 5.500000000000000000e+00 -3.546875000000000000e+00
1.666666666666666741e+00 -6.666666666666667407e-01 2.333333333333333481e+00 -6.083333333333332149e+00
2.000000000000000000e+00 -5.760869565217392463e-01 1.500000000000000000e+01 5.343750000000000000e+00
1.000000000000000000e+00 -1.419354838709677491e+00 1.450000000000000000e+01 5.453125000000000000e+00
2.666666666666666519e+00 3.333333333333330373e-01 9.000000000000000000e+00 5.833333333333339255e-01
0.000000000000000000e+00 -2.576086956521739246e+00 1.000000000000000000e+00 -8.656250000000000000e+00
0.000000000000000000e+00 -2.419354838709677491e+00 7.500000000000000000e+00 -1.546875000000000000e+00
0.000000000000000000e+00 -2.333333333333333481e+00 5.333333333333333037e+00 -3.083333333333333037e+00
0.000000000000000000e+00 -2.576086956521739246e+00 1.400000000000000000e+01 4.343750000000000000e+00
0.000000000000000000e+00 -2.419354838709677491e+00 1.800000000000000000e+01 8.953125000000000000e+00
0.000000000000000000e+00 -2.333333333333333481e+00 5.000000000000000000e+00 -3.416666666666666075e+00
3.000000000000000000e+00 4.239130434782607537e-01 4.000000000000000000e+00 -5.656250000000000000e+00
1.500000000000000000e+00 -9.193548387096774910e-01 5.000000000000000000e+00 -4.046875000000000000e+00
1.000000000000000000e+00 -1.333333333333333481e+00 5.000000000000000000e+00 -3.416666666666666075e+00
1.000000000000000000e+00 -1.576086956521739246e+00 4.000000000000000000e+00 -5.656250000000000000e+00
5.000000000000000000e-01 -1.919354838709677491e+00 3.500000000000000000e+00 -5.546875000000000000e+00
3.333333333333333148e-01 -2.000000000000000000e+00 3.333333333333333481e+00 -5.083333333333332149e+00
0.000000000000000000e+00 -2.576086956521739246e+00 1.400000000000000000e+01 4.343750000000000000e+00
3.500000000000000000e+00 1.080645161290322509e+00 5.500000000000000000e+00 -3.546875000000000000e+00
2.666666666666666519e+00 3.333333333333330373e-01 1.666666666666666785e+01 8.250000000000001776e+00
0.000000000000000000e+00 -2.576086956521739246e+00 8.000000000000000000e+00 -1.656250000000000000e+00
0.000000000000000000e+00 -2.419354838709677491e+00 5.500000000000000000e+00 -3.546875000000000000e+00
0.000000000000000000e+00 -2.333333333333333481e+00 2.333333333333333481e+00 -6.083333333333332149e+00
0.000000000000000000e+00 -2.576086956521739246e+00 1.100000000000000000e+01 1.343750000000000000e+00
0.000000000000000000e+00 -2.419354838709677491e+00 1.500000000000000000e+01 5.953125000000000000e+00
0.000000000000000000e+00 -2.333333333333333481e+00 5.666666666666666963e+00 -2.749999999999999112e+00
0.000000000000000000e+00 -2.576086956521739246e+00 9.000000000000000000e+00 -6.562500000000000000e-01
0.000000000000000000e+00 -2.419354838709677491e+00 4.500000000000000000e+00 -4.546875000000000000e+00
0.000000000000000000e+00 -2.333333333333333481e+00 4.333333333333333037e+00 -4.083333333333333037e+00
0.000000000000000000e+00 -2.576086956521739246e+00 0.000000000000000000e+00 -9.656250000000000000e+00
0.000000000000000000e+00 -2.419354838709677491e+00 6.500000000000000000e+00 -2.546875000000000000e+00
0.000000000000000000e+00 -2.333333333333333481e+00 5.666666666666666963e+00 -2.749999999999999112e+00
2.000000000000000000e+00 -5.760869565217392463e-01 9.000000000000000000e+00 -6.562500000000000000e-01
2.000000000000000000e+00 -4.193548387096774910e-01 4.500000000000000000e+00 -4.546875000000000000e+00
1.333333333333333259e+00 -1.000000000000000222e+00 4.333333333333333037e+00 -4.083333333333333037e+00
0.000000000000000000e+00 -2.576086956521739246e+00 4.000000000000000000e+00 -5.656250000000000000e+00
0.000000000000000000e+00 -2.419354838709677491e+00 5.000000000000000000e+00 -4.046875000000000000e+00
0.000000000000000000e+00 -2.333333333333333481e+00 5.000000000000000000e+00 -3.416666666666666075e+00
1.100000000000000000e+01 8.423913043478261642e+00 1.100000000000000000e+01 1.343750000000000000e+00
9.500000000000000000e+00 7.080645161290322065e+00 1.500000000000000000e+01 5.953125000000000000e+00
7.000000000000000000e+00 4.666666666666666075e+00 5.666666666666666963e+00 -2.749999999999999112e+00
1.600000000000000000e+01 1.342391304347826164e+01 1.600000000000000000e+01 6.343750000000000000e+00
9.500000000000000000e+00 7.080645161290322065e+00 3.500000000000000000e+00 -5.546875000000000000e+00
6.333333333333333037e+00 3.999999999999999556e+00 1.100000000000000000e+01 2.583333333333333925e+00
6.000000000000000000e+00 3.423913043478260754e+00 6.000000000000000000e+00 -3.656250000000000000e+00
1.050000000000000000e+01 8.080645161290322065e+00 1.450000000000000000e+01 5.453125000000000000e+00
9.000000000000000000e+00 6.666666666666666075e+00 5.666666666666666963e+00 -2.749999999999999112e+00
1.000000000000000000e+00 -1.576086956521739246e+00 4.000000000000000000e+00 -5.656250000000000000e+00
1.500000000000000000e+00 -9.193548387096774910e-01 5.000000000000000000e+00 -4.046875000000000000e+00
1.000000000000000000e+00 -1.333333333333333481e+00 5.000000000000000000e+00 -3.416666666666666075e+00
0.000000000000000000e+00 -2.576086956521739246e+00 1.100000000000000000e+01 1.343750000000000000e+00
0.000000000000000000e+00 -2.419354838709677491e+00 1.800000000000000000e+01 8.953125000000000000e+00
6.666666666666666297e-01 -1.666666666666666963e+00 6.333333333333333037e+00 -2.083333333333333037e+00
0.000000000000000000e+00 -2.576086956521739246e+00 9.000000000000000000e+00 -6.562500000000000000e-01
0.000000000000000000e+00 -2.419354838709677491e+00 4.500000000000000000e+00 -4.546875000000000000e+00
0.000000000000000000e+00 -2.333333333333333481e+00 4.333333333333333037e+00 -4.083333333333333037e+00
0.000000000000000000e+00 -2.576086956521739246e+00 8.000000000000000000e+00 -1.656250000000000000e+00
5.000000000000000000e-01 -1.919354838709677491e+00 5.000000000000000000e+00 -4.046875000000000000e+00
3.333333333333333148e-01 -2.000000000000000000e+00 5.333333333333333037e+00 -3.083333333333333037e+00
0.000000000000000000e+00 -2.576086956521739246e+00 2.800000000000000000e+01 1.834375000000000000e+01
3.000000000000000000e+00 5.806451612903225090e-01 1.300000000000000000e+01 3.953125000000000000e+00
4.666666666666666963e+00 2.333333333333333481e+00 1.500000000000000000e+01 6.583333333333333925e+00
4.000000000000000000e+00 1.423913043478260754e+00 6.000000000000000000e+00 -3.656250000000000000e+00
3.500000000000000000e+00 1.080645161290322509e+00 6.000000000000000000e+00 -3.046875000000000000e+00
3.333333333333333481e+00 1.000000000000000000e+00 4.666666666666666963e+00 -3.749999999999999112e+00
1.300000000000000000e+01 1.042391304347826164e+01 1.400000000000000000e+01 4.343750000000000000e+00
1.050000000000000000e+01 8.080645161290322065e+00 1.800000000000000000e+01 8.953125000000000000e+00
7.333333333333333037e+00 5.000000000000000000e+00 5.000000000000000000e+00 -3.416666666666666075e+00
0.000000000000000000e+00 -2.576086956521739246e+00 5.000000000000000000e+00 -4.656250000000000000e+00
0.000000000000000000e+00 -2.419354838709677491e+00 2.500000000000000000e+00 -6.546875000000000000e+00
3.333333333333333148e-01 -2.000000000000000000e+00 4.666666666666666963e+00 -3.749999999999999112e+00
0.000000000000000000e+00 -2.576086956521739246e+00 7.000000000000000000e+00 -2.656250000000000000e+00
0.000000000000000000e+00 -2.419354838709677491e+00 6.000000000000000000e+00 -3.046875000000000000e+00
0.000000000000000000e+00 -2.333333333333333481e+00 6.666666666666666963e+00 -1.749999999999999112e+00
0.000000000000000000e+00 -2.576086956521739246e+00 1.100000000000000000e+01 1.343750000000000000e+00
3.000000000000000000e+00 5.806451612903225090e-01 1.500000000000000000e+01 5.953125000000000000e+00
4.666666666666666963e+00 2.333333333333333481e+00 5.666666666666666963e+00 -2.749999999999999112e+00
4.000000000000000000e+00 1.423913043478260754e+00 4.000000000000000000e+00 -5.656250000000000000e+00
3.000000000000000000e+00 5.806451612903225090e-01 5.000000000000000000e+00 -4.046875000000000000e+00
2.333333333333333481e+00 0.000000000000000000e+00 9.000000000000000000e+00 5.833333333333339255e-01
0.000000000000000000e+00 -2.576086956521739246e+00 2.000000000000000000e+00 -7.656250000000000000e+00
0.000000000000000000e+00 -2.419354838709677491e+00 2.500000000000000000e+00 -6.546875000000000000e+00
0.000000000000000000e+00 -2.333333333333333481e+00 5.333333333333333037e+00 -3.083333333333333037e+00
9.000000000000000000e+00 6.423913043478260754e+00 1.100000000000000000e+01 1.343750000000000000e+00
1.450000000000000000e+01 1.208064516129032206e+01 1.800000000000000000e+01 8.953125000000000000e+00
1.133333333333333393e+01 9.000000000000000000e+00 6.333333333333333037e+00 -2.083333333333333037e+00
0.000000000000000000e+00 -2.576086956521739246e+00 2.000000000000000000e+00 -7.656250000000000000e+00
0.000000000000000000e+00 -2.419354838709677491e+00 1.050000000000000000e+01 1.453125000000000000e+00
0.000000000000000000e+00 -2.333333333333333481e+00 9.333333333333333925e+00 9.166666666666678509e-01
0.000000000000000000e+00 -2.576086956521739246e+00 4.000000000000000000e+00 -5.656250000000000000e+00
0.000000000000000000e+00 -2.419354838709677491e+00 5.000000000000000000e+00 -4.046875000000000000e+00
0.000000000000000000e+00 -2.333333333333333481e+00 9.000000000000000000e+00 5.833333333333339255e-01
2.000000000000000000e+00 -5.760869565217392463e-01 1.400000000000000000e+01 4.343750000000000000e+00
1.500000000000000000e+00 -9.193548387096774910e-01 5.500000000000000000e+00 -3.546875000000000000e+00
4.333333333333333037e+00 1.999999999999999556e+00 1.666666666666666785e+01 8.250000000000001776e+00
0.000000000000000000e+00 -2.576086956521739246e+00 3.000000000000000000e+00 -6.656250000000000000e+00
0.000000000000000000e+00 -2.419354838709677491e+00 6.500000000000000000e+00 -2.546875000000000000e+00
0.000000000000000000e+00 -2.333333333333333481e+00 1.200000000000000000e+01 3.583333333333333925e+00
0.000000000000000000e+00 -2.576086956521739246e+00 0.000000000000000000e+00 -9.656250000000000000e+00
0.000000000000000000e+00 -2.419354838709677491e+00 3.500000000000000000e+00 -5.546875000000000000e+00
0.000000000000000000e+00 -2.333333333333333481e+00 4.666666666666666963e+00 -3.749999999999999112e+00
0.000000000000000000e+00 -2.576086956521739246e+00 1.500000000000000000e+01 5.343750000000000000e+00
0.000000000000000000e+00 -2.419354838709677491e+00 1.450000000000000000e+01 5.453125000000000000e+00
0.000000000000000000e+00 -2.333333333333333481e+00 9.000000000000000000e+00 5.833333333333339255e-01
0.000000000000000000e+00 -2.576086956521739246e+00 4.000000000000000000e+00 -5.656250000000000000e+00
1.500000000000000000e+00 -9.193548387096774910e-01 5.500000000000000000e+00 -3.546875000000000000e+00
1.000000000000000000e+00 -1.333333333333333481e+00 1.666666666666666741e+00 -6.749999999999999112e+00
0.000000000000000000e+00 -2.576086956521739246e+00 1.600000000000000000e+01 6.343750000000000000e+00
2.000000000000000000e+00 -4.193548387096774910e-01 3.500000000000000000e+00 -5.546875000000000000e+00
2.000000000000000000e+00 -3.333333333333334814e-01 1.100000000000000000e+01 2.583333333333333925e+00
2.000000000000000000e+00 -5.760869565217392463e-01 1.100000000000000000e+01 1.343750000000000000e+00
1.000000000000000000e+00 -1.419354838709677491e+00 1.800000000000000000e+01 8.953125000000000000e+00
6.666666666666666297e-01 -1.666666666666666963e+00 6.333333333333333037e+00 -2.083333333333333037e+00
0.000000000000000000e+00 -2.576086956521739246e+00 1.100000000000000000e+01 1.343750000000000000e+00
0.000000000000000000e+00 -2.419354838709677491e+00 1.800000000000000000e+01 8.953125000000000000e+00
0.000000000000000000e+00 -2.333333333333333481e+00 6.333333333333333037e+00 -2.083333333333333037e+00
1.200000000000000000e+01 9.423913043478261642e+00 1.400000000000000000e+01 4.343750000000000000e+00
6.000000000000000000e+00 3.580645161290322509e+00 5.500000000000000000e+00 -3.546875000000000000e+00
7.333333333333333037e+00 5.000000000000000000e+00 1.666666666666666785e+01 8.250000000000001776e+00
2.000000000000000000e+00 -5.760869565217392463e-01 8.000000000000000000e+00 -1.656250000000000000e+00
3.000000000000000000e+00 5.806451612903225090e-01 5.000000000000000000e+00 -4.046875000000000000e+00
3.000000000000000000e+00 6.666666666666665186e-01 5.333333333333333037e+00 -3.083333333333333037e+00
0.000000000000000000e+00 -2.576086956521739246e+00 4.000000000000000000e+00 -5.656250000000000000e+00
0.000000000000000000e+00 -2.419354838709677491e+00 5.000000000000000000e+00 -4.046875000000000000e+00
0.000000000000000000e+00 -2.333333333333333481e+00 9.000000000000000000e+00 5.833333333333339255e-01
2.000000000000000000e+00 -5.760869565217392463e-01 6.000000000000000000e+00 -3.656250000000000000e+00
1.000000000000000000e+00 -1.419354838709677491e+00 6.000000000000000000e+00 -3.046875000000000000e+00
6.666666666666666297e-01 -1.666666666666666963e+00 4.666666666666666963e+00 -3.749999999999999112e+00
0.000000000000000000e+00 -2.576086956521739246e+00 1.400000000000000000e+01 4.343750000000000000e+00
0.000000000000000000e+00 -2.419354838709677491e+00 1.800000000000000000e+01 8.953125000000000000e+00
3.333333333333333148e-01 -2.000000000000000000e+00 5.000000000000000000e+00 -3.416666666666666075e+00
0.000000000000000000e+00 -2.576086956521739246e+00 2.800000000000000000e+01 1.834375000000000000e+01
0.000000000000000000e+00 -2.419354838709677491e+00 1.300000000000000000e+01 3.953125000000000000e+00
3.333333333333333148e-01 -2.000000000000000000e+00 1.500000000000000000e+01 6.583333333333333925e+00
1.000000000000000000e+01 7.423913043478260754e+00 1.000000000000000000e+01 3.437500000000000000e-01
6.500000000000000000e+00 4.080645161290322065e+00 4.500000000000000000e+00 -4.546875000000000000e+00
7.666666666666666963e+00 5.333333333333333925e+00 5.666666666666666963e+00 -2.749999999999999112e+00
0.000000000000000000e+00 -2.576086956521739246e+00 8.000000000000000000e+00 -1.656250000000000000e+00
0.000000000000000000e+00 -2.419354838709677491e+00 5.500000000000000000e+00 -3.546875000000000000e+00
0.000000000000000000e+00 -2.333333333333333481e+00 2.333333333333333481e+00 -6.083333333333332149e+00
0.000000000000000000e+00 -2.576086956521739246e+00 1.000000000000000000e+00 -8.656250000000000000e+00
0.000000000000000000e+00 -2.419354838709677491e+00 7.500000000000000000e+00 -1.546875000000000000e+00
0.000000000000000000e+00 -2.333333333333333481e+00 5.333333333333333037e+00 -3.083333333333333037e+00
0.000000000000000000e+00 -2.576086956521739246e+00 5.000000000000000000e+00 -4.656250000000000000e+00
0.000000000000000000e+00 -2.419354838709677491e+00 2.500000000000000000e+00 -6.546875000000000000e+00
1.666666666666666741e+00 -6.666666666666667407e-01 4.666666666666666963e+00 -3.749999999999999112e+00
0.000000000000000000e+00 -2.576086956521739246e+00 1.100000000000000000e+01 1.343750000000000000e+00
0.000000000000000000e+00 -2.419354838709677491e+00 1.800000000000000000e+01 8.953125000000000000e+00
0.000000000000000000e+00 -2.333333333333333481e+00 6.333333333333333037e+00 -2.083333333333333037e+00
1.000000000000000000e+00 -1.576086956521739246e+00 8.000000000000000000e+00 -1.656250000000000000e+00
5.000000000000000000e-01 -1.919354838709677491e+00 5.000000000000000000e+00 -4.046875000000000000e+00
3.333333333333333148e-01 -2.000000000000000000e+00 5.333333333333333037e+00 -3.083333333333333037e+00
0.000000000000000000e+00 -2.576086956521739246e+00 4.000000000000000000e+00 -5.656250000000000000e+00
0.000000000000000000e+00 -2.419354838709677491e+00 5.000000000000000000e+00 -4.046875000000000000e+00
0.000000000000000000e+00 -2.333333333333333481e+00 5.000000000000000000e+00 -3.416666666666666075e+00
3.000000000000000000e+00 4.239130434782607537e-01 3.000000000000000000e+00 -6.656250000000000000e+00
8.000000000000000000e+00 5.580645161290322065e+00 6.500000000000000000e+00 -2.546875000000000000e+00
5.333333333333333037e+00 2.999999999999999556e+00 1.200000000000000000e+01 3.583333333333333925e+00
2.800000000000000000e+01 2.542391304347826164e+01 2.800000000000000000e+01 1.834375000000000000e+01
1.850000000000000000e+01 1.608064516129032384e+01 1.300000000000000000e+01 3.953125000000000000e+00
1.466666666666666607e+01 1.233333333333333215e+01 1.500000000000000000e+01 6.583333333333333925e+00
1.000000000000000000e+00 -1.576086956521739246e+00 6.000000000000000000e+00 -3.656250000000000000e+00
1.500000000000000000e+00 -9.193548387096774910e-01 1.000000000000000000e+01 9.531250000000000000e-01
3.666666666666666519e+00 1.333333333333333037e+00 1.700000000000000000e+01 8.583333333333333925e+00
0.000000000000000000e+00 -2.576086956521739246e+00 0.000000000000000000e+00 -9.656250000000000000e+00
1.000000000000000000e+00 -1.419354838709677491e+00 3.500000000000000000e+00 -5.546875000000000000e+00
2.000000000000000000e+00 -3.333333333333334814e-01 4.666666666666666963e+00 -3.749999999999999112e+00
0.000000000000000000e+00 -2.576086956521739246e+00 4.000000000000000000e+00 -5.656250000000000000e+00
0.000000000000000000e+00 -2.419354838709677491e+00 5.500000000000000000e+00 -3.546875000000000000e+00
0.000000000000000000e+00 -2.333333333333333481e+00 1.666666666666666741e+00 -6.749999999999999112e+00
0.000000000000000000e+00 -2.576086956521739246e+00 1.400000000000000000e+01 4.343750000000000000e+00
0.000000000000000000e+00 -2.419354838709677491e+00 9.000000000000000000e+00 -4.687500000000000000e-02
0.000000000000000000e+00 -2.333333333333333481e+00 1.233333333333333393e+01 3.916666666666667851e+00
8.000000000000000000e+00 5.423913043478260754e+00 1.100000000000000000e+01 1.343750000000000000e+00
5.500000000000000000e+00 3.080645161290322509e+00 1.250000000000000000e+01 3.453125000000000000e+00
4.000000000000000000e+00 1.666666666666666519e+00 8.666666666666666075e+00 2.500000000000000000e-01
1.300000000000000000e+01 1.042391304347826164e+01 1.800000000000000000e+01 8.343750000000000000e+00
1.100000000000000000e+01 8.580645161290322065e+00 6.000000000000000000e+00 -3.046875000000000000e+00
1.300000000000000000e+01 1.066666666666666607e+01 7.333333333333333037e+00 -1.083333333333333037e+00
