0.000000000000000000e+00 -3.232758620689655249e+00 9.000000000000000000e+00 -9.312500000000000000e+00
0.000000000000000000e+00 -3.363247863247863290e+00 2.100000000000000000e+01 2.046875000000000000e+00
0.000000000000000000e+00 -3.232758620689655249e+00 3.000000000000000000e+01 1.168750000000000000e+01
0.000000000000000000e+00 -3.363247863247863290e+00 2.600000000000000000e+01 7.046875000000000000e+00
0.000000000000000000e+00 -3.232758620689655249e+00 3.000000000000000000e+01 1.168750000000000000e+01
0.000000000000000000e+00 -3.363247863247863290e+00 2.600000000000000000e+01 7.046875000000000000e+00
0.000000000000000000e+00 -3.232758620689655249e+00 2.300000000000000000e+01 4.687500000000000000e+00
0.000000000000000000e+00 -3.363247863247863290e+00 3.300000000000000000e+01 1.404687500000000000e+01
0.000000000000000000e+00 -3.232758620689655249e+00 2.500000000000000000e+01 6.687500000000000000e+00
5.000000000000000000e-01 -2.863247863247863290e+00 8.000000000000000000e+00 -1.095312500000000000e+01
0.000000000000000000e+00 -3.232758620689655249e+00 1.400000000000000000e+01 -4.312500000000000000e+00
5.000000000000000000e-01 -2.863247863247863290e+00 1.500000000000000000e+01 -3.953125000000000000e+00
0.000000000000000000e+00 -3.232758620689655249e+00 1.400000000000000000e+01 -4.312500000000000000e+00
0.000000000000000000e+00 -3.363247863247863290e+00 1.500000000000000000e+01 -3.953125000000000000e+00
0.000000000000000000e+00 -3.232758620689655249e+00 1.500000000000000000e+01 -3.312500000000000000e+00
0.000000000000000000e+00 -3.363247863247863290e+00 1.150000000000000000e+01 -7.453125000000000000e+00
6.000000000000000000e+00 2.767241379310344751e+00 2.500000000000000000e+01 6.687500000000000000e+00
3.000000000000000000e+00 -3.632478632478632896e-01 8.000000000000000000e+00 -1.095312500000000000e+01
1.100000000000000000e+01 7.767241379310345195e+00 2.500000000000000000e+01 6.687500000000000000e+00
1.300000000000000000e+01 9.636752136752136266e+00 2.650000000000000000e+01 7.546875000000000000e+00
0.000000000000000000e+00 -3.232758620689655249e+00 1.000000000000000000e+01 -8.312500000000000000e+00
0.000000000000000000e+00 -3.363247863247863290e+00 1.300000000000000000e+01 -5.953125000000000000e+00
0.000000000000000000e+00 -3.232758620689655249e+00 2.300000000000000000e+01 4.687500000000000000e+00
0.000000000000000000e+00 -3.363247863247863290e+00 3.300000000000000000e+01 1.404687500000000000e+01
8.000000000000000000e+00 4.767241379310345195e+00 3.400000000000000000e+01 1.568750000000000000e+01
5.000000000000000000e+00 1.636752136752136710e+00 2.450000000000000000e+01 5.546875000000000000e+00
0.000000000000000000e+00 -3.232758620689655249e+00 9.000000000000000000e+00 -9.312500000000000000e+00
0.000000000000000000e+00 -3.363247863247863290e+00 1.150000000000000000e+01 -7.453125000000000000e+00
0.000000000000000000e+00 -3.232758620689655249e+00 1.400000000000000000e+01 -4.312500000000000000e+00
0.000000000000000000e+00 -3.363247863247863290e+00 1.900000000000000000e+01 4.687500000000000000e-02
5.000000000000000000e+00 1.767241379310344751e+00 1.500000000000000000e+01 -3.312500000000000000e+00
7.500000000000000000e+00 4.136752136752136266e+00 1.750000000000000000e+01 -1.453125000000000000e+00
1.000000000000000000e+00 -2.232758620689655249e+00 2.100000000000000000e+01 2.687500000000000000e+00
8.000000000000000000e+00 4.636752136752136266e+00 3.550000000000000000e+01 1.654687500000000000e+01
0.000000000000000000e+00 -3.232758620689655249e+00 2.700000000000000000e+01 8.687500000000000000e+00
0.000000000000000000e+00 -3.363247863247863290e+00 1.600000000000000000e+01 -2.953125000000000000e+00
0.000000000000000000e+00 -3.232758620689655249e+00 1.200000000000000000e+01 -6.312500000000000000e+00
0.000000000000000000e+00 -3.363247863247863290e+00 1.050000000000000000e+01 -8.453125000000000000e+00
1.200000000000000000e+01 8.767241379310345195e+00 1.400000000000000000e+01 -4.312500000000000000e+00
8.500000000000000000e+00 5.136752136752136266e+00 1.900000000000000000e+01 4.687500000000000000e-02
1.400000000000000000e+01 1.076724137931034520e+01 3.000000000000000000e+01 1.168750000000000000e+01
8.000000000000000000e+00 4.636752136752136266e+00 3.500000000000000000e+01 1.604687500000000000e+01
0.000000000000000000e+00 -3.232758620689655249e+00 1.500000000000000000e+01 -3.312500000000000000e+00
0.000000000000000000e+00 -3.363247863247863290e+00 1.600000000000000000e+01 -2.953125000000000000e+00
0.000000000000000000e+00 -3.232758620689655249e+00 5.000000000000000000e+00 -1.331250000000000000e+01
0.000000000000000000e+00 -3.363247863247863290e+00 5.000000000000000000e+00 -1.395312500000000000e+01
2.400000000000000000e+01 2.076724137931034520e+01 3.000000000000000000e+01 1.168750000000000000e+01
1.650000000000000000e+01 1.313675213675213627e+01 2.600000000000000000e+01 7.046875000000000000e+00
0.000000000000000000e+00 -3.232758620689655249e+00 1.900000000000000000e+01 6.875000000000000000e-01
0.000000000000000000e+00 -3.363247863247863290e+00 1.300000000000000000e+01 -5.953125000000000000e+00
7.000000000000000000e+00 3.767241379310344751e+00 1.200000000000000000e+01 -6.312500000000000000e+00
5.500000000000000000e+00 2.136752136752136710e+00 1.050000000000000000e+01 -8.453125000000000000e+00
1.400000000000000000e+01 1.076724137931034520e+01 2.300000000000000000e+01 4.687500000000000000e+00
1.000000000000000000e+01 6.636752136752136266e+00 3.300000000000000000e+01 1.404687500000000000e+01
1.000000000000000000e+00 -2.232758620689655249e+00 1.100000000000000000e+01 -7.312500000000000000e+00
2.000000000000000000e+00 -1.363247863247863290e+00 1.450000000000000000e+01 -4.453125000000000000e+00
0.000000000000000000e+00 -3.232758620689655249e+00 2.100000000000000000e+01 2.687500000000000000e+00
0.000000000000000000e+00 -3.363247863247863290e+00 1.200000000000000000e+01 -6.953125000000000000e+00
2.000000000000000000e+00 -1.232758620689655249e+00 2.700000000000000000e+01 8.687500000000000000e+00
2.000000000000000000e+00 -1.363247863247863290e+00 1.600000000000000000e+01 -2.953125000000000000e+00
1.700000000000000000e+01 1.376724137931034520e+01 1.900000000000000000e+01 6.875000000000000000e-01
1.850000000000000000e+01 1.513675213675213627e+01 1.300000000000000000e+01 -5.953125000000000000e+00
0.000000000000000000e+00 -3.232758620689655249e+00 1.000000000000000000e+01 -8.312500000000000000e+00
0.000000000000000000e+00 -3.363247863247863290e+00 1.300000000000000000e+01 -5.953125000000000000e+00
5.000000000000000000e+00 1.767241379310344751e+00 1.300000000000000000e+01 -5.312500000000000000e+00
5.500000000000000000e+00 2.136752136752136710e+00 1.600000000000000000e+01 -2.953125000000000000e+00
0.000000000000000000e+00 -3.232758620689655249e+00 1.100000000000000000e+01 -7.312500000000000000e+00
0.000000000000000000e+00 -3.363247863247863290e+00 1.450000000000000000e+01 -4.453125000000000000e+00
0.000000000000000000e+00 -3.232758620689655249e+00 9.000000000000000000e+00 -9.312500000000000000e+00
0.000000000000000000e+00 -3.363247863247863290e+00 1.150000000000000000e+01 -7.453125000000000000e+00
0.000000000000000000e+00 -3.232758620689655249e+00 3.000000000000000000e+00 -1.531250000000000000e+01
5.000000000000000000e-01 -2.863247863247863290e+00 1.650000000000000000e+01 -2.453125000000000000e+00
5.000000000000000000e+00 1.767241379310344751e+00 1.000000000000000000e+01 -8.312500000000000000e+00
2.500000000000000000e+00 -8.632478632478632896e-01 1.300000000000000000e+01 -5.953125000000000000e+00
0.000000000000000000e+00 -3.232758620689655249e+00 1.500000000000000000e+01 -3.312500000000000000e+00
0.000000000000000000e+00 -3.363247863247863290e+00 1.600000000000000000e+01 -2.953125000000000000e+00
4.000000000000000000e+00 7.672413793103447510e-01 2.500000000000000000e+01 6.687500000000000000e+00
2.000000000000000000e+00 -1.363247863247863290e+00 8.000000000000000000e+00 -1.095312500000000000e+01
0.000000000000000000e+00 -3.232758620689655249e+00 1.500000000000000000e+01 -3.312500000000000000e+00
0.000000000000000000e+00 -3.363247863247863290e+00 1.750000000000000000e+01 -1.453125000000000000e+00
0.000000000000000000e+00 -3.232758620689655249e+00 2.900000000000000000e+01 1.068750000000000000e+01
0.000000000000000000e+00 -3.363247863247863290e+00 1.300000000000000000e+01 -5.953125000000000000e+00
1.400000000000000000e+01 1.076724137931034520e+01 2.500000000000000000e+01 6.687500000000000000e+00
1.850000000000000000e+01 1.513675213675213627e+01 2.650000000000000000e+01 7.546875000000000000e+00
6.000000000000000000e+00 2.767241379310344751e+00 1.700000000000000000e+01 -1.312500000000000000e+00
9.500000000000000000e+00 6.136752136752136266e+00 1.950000000000000000e+01 5.468750000000000000e-01
0.000000000000000000e+00 -3.232758620689655249e+00 2.000000000000000000e+00 -1.631250000000000000e+01
1.050000000000000000e+01 7.136752136752136266e+00 1.700000000000000000e+01 -1.953125000000000000e+00
0.000000000000000000e+00 -3.232758620689655249e+00 3.400000000000000000e+01 1.568750000000000000e+01
0.000000000000000000e+00 -3.363247863247863290e+00 2.450000000000000000e+01 5.546875000000000000e+00
0.000000000000000000e+00 -3.232758620689655249e+00 5.000000000000000000e+00 -1.331250000000000000e+01
0.000000000000000000e+00 -3.363247863247863290e+00 5.000000000000000000e+00 -1.395312500000000000e+01
0.000000000000000000e+00 -3.232758620689655249e+00 1.100000000000000000e+01 -7.312500000000000000e+00
0.000000000000000000e+00 -3.363247863247863290e+00 1.450000000000000000e+01 -4.453125000000000000e+00
1.000000000000000000e+01 6.767241379310345195e+00 2.900000000000000000e+01 1.068750000000000000e+01
1.200000000000000000e+01 8.636752136752136266e+00 2.300000000000000000e+01 4.046875000000000000e+00
0.000000000000000000e+00 -3.232758620689655249e+00 9.000000000000000000e+00 -9.312500000000000000e+00
0.000000000000000000e+00 -3.363247863247863290e+00 2.100000000000000000e+01 2.046875000000000000e+00
1.000000000000000000e+00 -2.232758620689655249e+00 3.000000000000000000e+00 -1.531250000000000000e+01
6.500000000000000000e+00 3.136752136752136710e+00 1.650000000000000000e+01 -2.453125000000000000e+00
0.000000000000000000e+00 -3.232758620689655249e+00 1.400000000000000000e+01 -4.312500000000000000e+00
1.500000000000000000e+00 -1.863247863247863290e+00 1.900000000000000000e+01 4.687500000000000000e-02
2.000000000000000000e+00 -1.232758620689655249e+00 1.400000000000000000e+01 -4.312500000000000000e+00
9.000000000000000000e+00 5.636752136752136266e+00 1.500000000000000000e+01 -3.953125000000000000e+00
4.000000000000000000e+00 7.672413793103447510e-01 2.900000000000000000e+01 1.068750000000000000e+01
2.000000000000000000e+00 -1.363247863247863290e+00 2.300000000000000000e+01 4.046875000000000000e+00
7.000000000000000000e+00 3.767241379310344751e+00 2.400000000000000000e+01 5.687500000000000000e+00
5.500000000000000000e+00 2.136752136752136710e+00 1.500000000000000000e+01 -3.953125000000000000e+00
0.000000000000000000e+00 -3.232758620689655249e+00 4.400000000000000000e+01 2.568750000000000000e+01
0.000000000000000000e+00 -3.363247863247863290e+00 1.750000000000000000e+01 -1.453125000000000000e+00
2.000000000000000000e+00 -1.232758620689655249e+00 1.500000000000000000e+01 -3.312500000000000000e+00
2.500000000000000000e+00 -8.632478632478632896e-01 1.150000000000000000e+01 -7.453125000000000000e+00
2.000000000000000000e+00 -1.232758620689655249e+00 3.000000000000000000e+00 -1.531250000000000000e+01
1.000000000000000000e+00 -2.363247863247863290e+00 1.650000000000000000e+01 -2.453125000000000000e+00
0.000000000000000000e+00 -3.232758620689655249e+00 1.600000000000000000e+01 -2.312500000000000000e+00
0.000000000000000000e+00 -3.363247863247863290e+00 1.250000000000000000e+01 -6.453125000000000000e+00
0.000000000000000000e+00 -3.232758620689655249e+00 1.000000000000000000e+01 -8.312500000000000000e+00
0.000000000000000000e+00 -3.363247863247863290e+00 1.300000000000000000e+01 -5.953125000000000000e+00
0.000000000000000000e+00 -3.232758620689655249e+00 1.900000000000000000e+01 6.875000000000000000e-01
1.000000000000000000e+00 -2.363247863247863290e+00 1.300000000000000000e+01 -5.953125000000000000e+00
5.000000000000000000e+00 1.767241379310344751e+00 9.000000000000000000e+00 -9.312500000000000000e+00
3.000000000000000000e+00 -3.632478632478632896e-01 1.150000000000000000e+01 -7.453125000000000000e+00
9.000000000000000000e+00 5.767241379310345195e+00 2.700000000000000000e+01 8.687500000000000000e+00
5.500000000000000000e+00 2.136752136752136710e+00 1.600000000000000000e+01 -2.953125000000000000e+00
0.000000000000000000e+00 -3.232758620689655249e+00 2.400000000000000000e+01 5.687500000000000000e+00
0.000000000000000000e+00 -3.363247863247863290e+00 1.500000000000000000e+01 -3.953125000000000000e+00
1.600000000000000000e+01 1.276724137931034520e+01 3.000000000000000000e+01 1.168750000000000000e+01
1.300000000000000000e+01 9.636752136752136266e+00 3.500000000000000000e+01 1.604687500000000000e+01
1.200000000000000000e+01 8.767241379310345195e+00 1.400000000000000000e+01 -4.312500000000000000e+00
8.000000000000000000e+00 4.636752136752136266e+00 1.500000000000000000e+01 -3.953125000000000000e+00
0.000000000000000000e+00 -3.232758620689655249e+00 3.000000000000000000e+00 -1.531250000000000000e+01
0.000000000000000000e+00 -3.363247863247863290e+00 1.650000000000000000e+01 -2.453125000000000000e+00
0.000000000000000000e+00 -3.232758620689655249e+00 2.000000000000000000e+01 1.687500000000000000e+00
5.000000000000000000e+00 1.636752136752136710e+00 3.300000000000000000e+01 1.404687500000000000e+01
0.000000000000000000e+00 -3.232758620689655249e+00 1.500000000000000000e+01 -3.312500000000000000e+00
0.000000000000000000e+00 -3.363247863247863290e+00 1.750000000000000000e+01 -1.453125000000000000e+00
0.000000000000000000e+00 -3.232758620689655249e+00 9.000000000000000000e+00 -9.312500000000000000e+00
0.000000000000000000e+00 -3.363247863247863290e+00 2.700000000000000000e+01 8.046875000000000000e+00
3.000000000000000000e+00 -2.327586206896552490e-01 1.100000000000000000e+01 -7.312500000000000000e+00
7.000000000000000000e+00 3.636752136752136710e+00 1.450000000000000000e+01 -4.453125000000000000e+00
1.000000000000000000e+01 6.767241379310345195e+00 2.100000000000000000e+01 2.687500000000000000e+00
1.600000000000000000e+01 1.263675213675213627e+01 3.550000000000000000e+01 1.654687500000000000e+01
0.000000000000000000e+00 -3.232758620689655249e+00 9.000000000000000000e+00 -9.312500000000000000e+00
0.000000000000000000e+00 -3.363247863247863290e+00 1.150000000000000000e+01 -7.453125000000000000e+00
0.000000000000000000e+00 -3.232758620689655249e+00 1.700000000000000000e+01 -1.312500000000000000e+00
0.000000000000000000e+00 -3.363247863247863290e+00 1.950000000000000000e+01 5.468750000000000000e-01
9.000000000000000000e+00 5.767241379310345195e+00 2.000000000000000000e+01 1.687500000000000000e+00
1.450000000000000000e+01 1.113675213675213627e+01 3.300000000000000000e+01 1.404687500000000000e+01
0.000000000000000000e+00 -3.232758620689655249e+00 2.400000000000000000e+01 5.687500000000000000e+00
0.000000000000000000e+00 -3.363247863247863290e+00 1.500000000000000000e+01 -3.953125000000000000e+00
5.000000000000000000e+00 1.767241379310344751e+00 5.000000000000000000e+00 -1.331250000000000000e+01
2.500000000000000000e+00 -8.632478632478632896e-01 5.000000000000000000e+00 -1.395312500000000000e+01
5.000000000000000000e+00 1.767241379310344751e+00 2.700000000000000000e+01 8.687500000000000000e+00
4.500000000000000000e+00 1.136752136752136710e+00 1.600000000000000000e+01 -2.953125000000000000e+00
0.000000000000000000e+00 -3.232758620689655249e+00 1.400000000000000000e+01 -4.312500000000000000e+00
0.000000000000000000e+00 -3.363247863247863290e+00 1.900000000000000000e+01 4.687500000000000000e-02
2.000000000000000000e+00 -1.232758620689655249e+00 4.400000000000000000e+01 2.568750000000000000e+01
5.500000000000000000e+00 2.136752136752136710e+00 1.750000000000000000e+01 -1.453125000000000000e+00
2.400000000000000000e+01 2.076724137931034520e+01 4.400000000000000000e+01 2.568750000000000000e+01
1.750000000000000000e+01 1.413675213675213627e+01 1.750000000000000000e+01 -1.453125000000000000e+00
1.100000000000000000e+01 7.767241379310345195e+00 1.600000000000000000e+01 -2.312500000000000000e+00
9.000000000000000000e+00 5.636752136752136266e+00 1.250000000000000000e+01 -6.453125000000000000e+00
0.000000000000000000e+00 -3.232758620689655249e+00 2.500000000000000000e+01 6.687500000000000000e+00
0.000000000000000000e+00 -3.363247863247863290e+00 2.650000000000000000e+01 7.546875000000000000e+00
0.000000000000000000e+00 -3.232758620689655249e+00 1.400000000000000000e+01 -4.312500000000000000e+00
2.500000000000000000e+00 -8.632478632478632896e-01 1.900000000000000000e+01 4.687500000000000000e-02
0.000000000000000000e+00 -3.232758620689655249e+00 1.300000000000000000e+01 -5.312500000000000000e+00
0.000000000000000000e+00 -3.363247863247863290e+00 1.600000000000000000e+01 -2.953125000000000000e+00
0.000000000000000000e+00 -3.232758620689655249e+00 5.000000000000000000e+00 -1.331250000000000000e+01
0.000000000000000000e+00 -3.363247863247863290e+00 5.000000000000000000e+00 -1.395312500000000000e+01
4.000000000000000000e+00 7.672413793103447510e-01 9.000000000000000000e+00 -9.312500000000000000e+00
7.500000000000000000e+00 4.136752136752136266e+00 1.150000000000000000e+01 -7.453125000000000000e+00
0.000000000000000000e+00 -3.232758620689655249e+00 2.000000000000000000e+00 -1.631250000000000000e+01
0.000000000000000000e+00 -3.363247863247863290e+00 1.700000000000000000e+01 -1.953125000000000000e+00
2.000000000000000000e+00 -1.232758620689655249e+00 2.000000000000000000e+00 -1.631250000000000000e+01
1.000000000000000000e+00 -2.363247863247863290e+00 1.700000000000000000e+01 -1.953125000000000000e+00
0.000000000000000000e+00 -3.232758620689655249e+00 3.000000000000000000e+01 1.168750000000000000e+01
1.500000000000000000e+00 -1.863247863247863290e+00 3.500000000000000000e+01 1.604687500000000000e+01
0.000000000000000000e+00 -3.232758620689655249e+00 2.100000000000000000e+01 2.687500000000000000e+00
0.000000000000000000e+00 -3.363247863247863290e+00 3.550000000000000000e+01 1.654687500000000000e+01
0.000000000000000000e+00 -3.232758620689655249e+00 2.000000000000000000e+00 -1.631250000000000000e+01
0.000000000000000000e+00 -3.363247863247863290e+00 1.700000000000000000e+01 -1.953125000000000000e+00
-1.000000000000000000e+00 -4.232758620689654805e+00 2.300000000000000000e+01 4.687500000000000000e+00
4.000000000000000000e+00 6.367521367521367104e-01 3.300000000000000000e+01 1.404687500000000000e+01
0.000000000000000000e+00 -3.232758620689655249e+00 9.000000000000000000e+00 -9.312500000000000000e+00
0.000000000000000000e+00 -3.363247863247863290e+00 2.100000000000000000e+01 2.046875000000000000e+00
1.200000000000000000e+01 8.767241379310345195e+00 2.400000000000000000e+01 5.687500000000000000e+00
1.200000000000000000e+01 8.636752136752136266e+00 1.500000000000000000e+01 -3.953125000000000000e+00
0.000000000000000000e+00 -3.232758620689655249e+00 5.000000000000000000e+00 -1.331250000000000000e+01
5.000000000000000000e-01 -2.863247863247863290e+00 5.000000000000000000e+00 -1.395312500000000000e+01
0.000000000000000000e+00 -3.232758620689655249e+00 2.100000000000000000e+01 2.687500000000000000e+00
0.000000000000000000e+00 -3.363247863247863290e+00 1.200000000000000000e+01 -6.953125000000000000e+00
8.000000000000000000e+00 4.767241379310345195e+00 9.000000000000000000e+00 -9.312500000000000000e+00
4.000000000000000000e+00 6.367521367521367104e-01 2.100000000000000000e+01 2.046875000000000000e+00
1.100000000000000000e+01 7.767241379310345195e+00 2.700000000000000000e+01 8.687500000000000000e+00
6.000000000000000000e+00 2.636752136752136710e+00 1.600000000000000000e+01 -2.953125000000000000e+00
5.000000000000000000e+00 1.767241379310344751e+00 2.000000000000000000e+01 1.687500000000000000e+00
4.000000000000000000e+00 6.367521367521367104e-01 3.300000000000000000e+01 1.404687500000000000e+01
2.000000000000000000e+00 -1.232758620689655249e+00 1.200000000000000000e+01 -6.312500000000000000e+00
1.000000000000000000e+00 -2.363247863247863290e+00 1.050000000000000000e+01 -8.453125000000000000e+00
0.000000000000000000e+00 -3.232758620689655249e+00 1.400000000000000000e+01 -4.312500000000000000e+00
0.000000000000000000e+00 -3.363247863247863290e+00 1.500000000000000000e+01 -3.953125000000000000e+00
2.000000000000000000e+00 -1.232758620689655249e+00 1.900000000000000000e+01 6.875000000000000000e-01
2.000000000000000000e+00 -1.363247863247863290e+00 1.300000000000000000e+01 -5.953125000000000000e+00
1.600000000000000000e+01 1.276724137931034520e+01 2.100000000000000000e+01 2.687500000000000000e+00
9.500000000000000000e+00 6.136752136752136266e+00 1.200000000000000000e+01 -6.953125000000000000e+00
1.000000000000000000e+00 -2.232758620689655249e+00 9.000000000000000000e+00 -9.312500000000000000e+00
7.000000000000000000e+00 3.636752136752136710e+00 2.100000000000000000e+01 2.046875000000000000e+00
5.000000000000000000e+00 1.767241379310344751e+00 1.600000000000000000e+01 -2.312500000000000000e+00
3.500000000000000000e+00 1.367521367521367104e-01 1.250000000000000000e+01 -6.453125000000000000e+00
1.500000000000000000e+01 1.176724137931034520e+01 1.500000000000000000e+01 -3.312500000000000000e+00
1.150000000000000000e+01 8.136752136752136266e+00 1.600000000000000000e+01 -2.953125000000000000e+00
0.000000000000000000e+00 -3.232758620689655249e+00 3.000000000000000000e+01 1.168750000000000000e+01
0.000000000000000000e+00 -3.363247863247863290e+00 3.500000000000000000e+01 1.604687500000000000e+01
6.000000000000000000e+00 2.767241379310344751e+00 2.000000000000000000e+01 1.687500000000000000e+00
7.000000000000000000e+00 3.636752136752136710e+00 3.300000000000000000e+01 1.404687500000000000e+01
0.000000000000000000e+00 -3.232758620689655249e+00 1.400000000000000000e+01 -4.312500000000000000e+00
0.000000000000000000e+00 -3.363247863247863290e+00 1.500000000000000000e+01 -3.953125000000000000e+00
1.000000000000000000e+01 6.767241379310345195e+00 2.900000000000000000e+01 1.068750000000000000e+01
7.000000000000000000e+00 3.636752136752136710e+00 1.300000000000000000e+01 -5.953125000000000000e+00
1.100000000000000000e+01 7.767241379310345195e+00 1.700000000000000000e+01 -1.312500000000000000e+00
5.500000000000000000e+00 2.136752136752136710e+00 1.950000000000000000e+01 5.468750000000000000e-01
5.000000000000000000e+00 1.767241379310344751e+00 1.000000000000000000e+01 -8.312500000000000000e+00
1.100000000000000000e+01 7.636752136752136266e+00 1.300000000000000000e+01 -5.953125000000000000e+00
0.000000000000000000e+00 -3.232758620689655249e+00 1.400000000000000000e+01 -4.312500000000000000e+00
0.000000000000000000e+00 -3.363247863247863290e+00 1.500000000000000000e+01 -3.953125000000000000e+00
1.500000000000000000e+01 1.176724137931034520e+01 2.900000000000000000e+01 1.068750000000000000e+01
1.000000000000000000e+01 6.636752136752136266e+00 2.300000000000000000e+01 4.046875000000000000e+00
1.800000000000000000e+01 1.476724137931034520e+01 3.400000000000000000e+01 1.568750000000000000e+01
1.700000000000000000e+01 1.363675213675213627e+01 2.450000000000000000e+01 5.546875000000000000e+00
0.000000000000000000e+00 -3.232758620689655249e+00 2.400000000000000000e+01 5.687500000000000000e+00
0.000000000000000000e+00 -3.363247863247863290e+00 1.500000000000000000e+01 -3.953125000000000000e+00
0.000000000000000000e+00 -3.232758620689655249e+00 3.000000000000000000e+00 -1.531250000000000000e+01
0.000000000000000000e+00 -3.363247863247863290e+00 1.650000000000000000e+01 -2.453125000000000000e+00
4.000000000000000000e+00 7.672413793103447510e-01 2.500000000000000000e+01 6.687500000000000000e+00
4.500000000000000000e+00 1.136752136752136710e+00 8.000000000000000000e+00 -1.095312500000000000e+01
0.000000000000000000e+00 -3.232758620689655249e+00 3.400000000000000000e+01 1.568750000000000000e+01
0.000000000000000000e+00 -3.363247863247863290e+00 2.450000000000000000e+01 5.546875000000000000e+00
0.000000000000000000e+00 -3.232758620689655249e+00 1.600000000000000000e+01 -2.312500000000000000e+00
0.000000000000000000e+00 -3.363247863247863290e+00 1.250000000000000000e+01 -6.453125000000000000e+00
9.000000000000000000e+00 5.767241379310345195e+00 9.000000000000000000e+00 -9.312500000000000000e+00
1.450000000000000000e+01 1.113675213675213627e+01 2.700000000000000000e+01 8.046875000000000000e+00
0.000000000000000000e+00 -3.232758620689655249e+00 1.700000000000000000e+01 -1.312500000000000000e+00
0.000000000000000000e+00 -3.363247863247863290e+00 1.950000000000000000e+01 5.468750000000000000e-01
0.000000000000000000e+00 -3.232758620689655249e+00 9.000000000000000000e+00 -9.312500000000000000e+00
0.000000000000000000e+00 -3.363247863247863290e+00 1.150000000000000000e+01 -7.453125000000000000e+00
0.000000000000000000e+00 -3.232758620689655249e+00 1.500000000000000000e+01 -3.312500000000000000e+00
0.000000000000000000e+00 -3.363247863247863290e+00 1.600000000000000000e+01 -2.953125000000000000e+00
0.000000000000000000e+00 -3.232758620689655249e+00 2.900000000000000000e+01 1.068750000000000000e+01
0.000000000000000000e+00 -3.363247863247863290e+00 1.300000000000000000e+01 -5.953125000000000000e+00
0.000000000000000000e+00 -3.232758620689655249e+00 1.500000000000000000e+01 -3.312500000000000000e+00
0.000000000000000000e+00 -3.363247863247863290e+00 1.600000000000000000e+01 -2.953125000000000000e+00
0.000000000000000000e+00 -3.232758620689655249e+00 2.100000000000000000e+01 2.687500000000000000e+00
0.000000000000000000e+00 -3.363247863247863290e+00 3.550000000000000000e+01 1.654687500000000000e+01
0.000000000000000000e+00 -3.232758620689655249e+00 1.600000000000000000e+01 -2.312500000000000000e+00
3.000000000000000000e+00 -3.632478632478632896e-01 1.250000000000000000e+01 -6.453125000000000000e+00
0.000000000000000000e+00 -3.232758620689655249e+00 1.500000000000000000e+01 -3.312500000000000000e+00
5.000000000000000000e-01 -2.863247863247863290e+00 1.600000000000000000e+01 -2.953125000000000000e+00
0.000000000000000000e+00 -3.232758620689655249e+00 2.000000000000000000e+00 -1.631250000000000000e+01
0.000000000000000000e+00 -3.363247863247863290e+00 1.700000000000000000e+01 -1.953125000000000000e+00
1.900000000000000000e+01 1.576724137931034520e+01 2.900000000000000000e+01 1.068750000000000000e+01
9.500000000000000000e+00 6.136752136752136266e+00 1.300000000000000000e+01 -5.953125000000000000e+00
0.000000000000000000e+00 -3.232758620689655249e+00 9.000000000000000000e+00 -9.312500000000000000e+00
2.000000000000000000e+00 -1.363247863247863290e+00 2.700000000000000000e+01 8.046875000000000000e+00
0.000000000000000000e+00 -3.232758620689655249e+00 9.000000000000000000e+00 -9.312500000000000000e+00
0.000000000000000000e+00 -3.363247863247863290e+00 2.100000000000000000e+01 2.046875000000000000e+00
1.300000000000000000e+01 9.767241379310345195e+00 1.500000000000000000e+01 -3.312500000000000000e+00
1.050000000000000000e+01 7.136752136752136266e+00 1.150000000000000000e+01 -7.453125000000000000e+00
0.000000000000000000e+00 -3.232758620689655249e+00 1.500000000000000000e+01 -3.312500000000000000e+00
0.000000000000000000e+00 -3.363247863247863290e+00 1.750000000000000000e+01 -1.453125000000000000e+00
3.000000000000000000e+00 -2.327586206896552490e-01 1.200000000000000000e+01 -6.312500000000000000e+00
1.500000000000000000e+00 -1.863247863247863290e+00 1.050000000000000000e+01 -8.453125000000000000e+00
8.000000000000000000e+00 4.767241379310345195e+00 1.500000000000000000e+01 -3.312500000000000000e+00
4.000000000000000000e+00 6.367521367521367104e-01 1.750000000000000000e+01 -1.453125000000000000e+00
0.000000000000000000e+00 -3.232758620689655249e+00 1.300000000000000000e+01 -5.312500000000000000e+00
0.000000000000000000e+00 -3.363247863247863290e+00 1.600000000000000000e+01 -2.953125000000000000e+00
0.000000000000000000e+00 -3.232758620689655249e+00 2.400000000000000000e+01 5.687500000000000000e+00
0.000000000000000000e+00 -3.363247863247863290e+00 1.500000000000000000e+01 -3.953125000000000000e+00
8.000000000000000000e+00 4.767241379310345195e+00 3.400000000000000000e+01 1.568750000000000000e+01
4.500000000000000000e+00 1.136752136752136710e+00 2.450000000000000000e+01 5.546875000000000000e+00
0.000000000000000000e+00 -3.232758620689655249e+00 3.400000000000000000e+01 1.568750000000000000e+01
0.000000000000000000e+00 -3.363247863247863290e+00 2.450000000000000000e+01 5.546875000000000000e+00
0.000000000000000000e+00 -3.232758620689655249e+00 2.900000000000000000e+01 1.068750000000000000e+01
5.000000000000000000e-01 -2.863247863247863290e+00 1.300000000000000000e+01 -5.953125000000000000e+00
0.000000000000000000e+00 -3.232758620689655249e+00 3.000000000000000000e+01 1.168750000000000000e+01
2.000000000000000000e+00 -1.363247863247863290e+00 3.500000000000000000e+01 1.604687500000000000e+01
0.000000000000000000e+00 -3.232758620689655249e+00 3.000000000000000000e+00 -1.531250000000000000e+01
0.000000000000000000e+00 -3.363247863247863290e+00 1.650000000000000000e+01 -2.453125000000000000e+00
6.000000000000000000e+00 2.767241379310344751e+00 3.000000000000000000e+01 1.168750000000000000e+01
3.000000000000000000e+00 -3.632478632478632896e-01 2.600000000000000000e+01 7.046875000000000000e+00
0.000000000000000000e+00 -3.232758620689655249e+00 2.000000000000000000e+00 -1.631250000000000000e+01
0.000000000000000000e+00 -3.363247863247863290e+00 1.700000000000000000e+01 -1.953125000000000000e+00
0.000000000000000000e+00 -3.232758620689655249e+00 1.000000000000000000e+01 -8.312500000000000000e+00
0.000000000000000000e+00 -3.363247863247863290e+00 1.300000000000000000e+01 -5.953125000000000000e+00
7.000000000000000000e+00 3.767241379310344751e+00 4.400000000000000000e+01 2.568750000000000000e+01
3.500000000000000000e+00 1.367521367521367104e-01 1.750000000000000000e+01 -1.453125000000000000e+00
7.000000000000000000e+00 3.767241379310344751e+00 1.100000000000000000e+01 -7.312500000000000000e+00
3.500000000000000000e+00 1.367521367521367104e-01 1.450000000000000000e+01 -4.453125000000000000e+00
0.000000000000000000e+00 -3.232758620689655249e+00 1.600000000000000000e+01 -2.312500000000000000e+00
0.000000000000000000e+00 -3.363247863247863290e+00 1.250000000000000000e+01 -6.453125000000000000e+00
0.000000000000000000e+00 -3.232758620689655249e+00 5.000000000000000000e+00 -1.331250000000000000e+01
0.000000000000000000e+00 -3.363247863247863290e+00 5.000000000000000000e+00 -1.395312500000000000e+01
8.000000000000000000e+00 4.767241379310345195e+00 1.300000000000000000e+01 -5.312500000000000000e+00
1.450000000000000000e+01 1.113675213675213627e+01 1.600000000000000000e+01 -2.953125000000000000e+00
