0.000000000000000000e+00 -3.232758620689655249e+00 9.000000000000000000e+00 -9.312500000000000000e+00
0.000000000000000000e+00 -3.363247863247863290e+00 2.100000000000000000e+01 2.046875000000000000e+00
0.000000000000000000e+00 -3.468926553672315283e+00 1.733333333333333215e+01 -2.468750000000000000e+00
0.000000000000000000e+00 -3.232758620689655249e+00 3.000000000000000000e+01 1.168750000000000000e+01
0.000000000000000000e+00 -3.363247863247863290e+00 2.600000000000000000e+01 7.046875000000000000e+00
0.000000000000000000e+00 -3.468926553672315283e+00 1.900000000000000000e+01 -8.020833333333321491e-01
0.000000000000000000e+00 -3.232758620689655249e+00 3.000000000000000000e+01 1.168750000000000000e+01
0.000000000000000000e+00 -3.363247863247863290e+00 2.600000000000000000e+01 7.046875000000000000e+00
0.000000000000000000e+00 -3.468926553672315283e+00 1.900000000000000000e+01 -8.020833333333321491e-01
0.000000000000000000e+00 -3.232758620689655249e+00 2.300000000000000000e+01 4.687500000000000000e+00
0.000000000000000000e+00 -3.363247863247863290e+00 3.300000000000000000e+01 1.404687500000000000e+01
3.666666666666666519e+00 1.977401129943512359e-01 3.233333333333333570e+01 1.253125000000000355e+01
0.000000000000000000e+00 -3.232758620689655249e+00 2.500000000000000000e+01 6.687500000000000000e+00
5.000000000000000000e-01 -2.863247863247863290e+00 8.000000000000000000e+00 -1.095312500000000000e+01
3.333333333333333148e-01 -3.135593220338981801e+00 1.200000000000000000e+01 -7.802083333333332149e+00
0.000000000000000000e+00 -3.232758620689655249e+00 1.400000000000000000e+01 -4.312500000000000000e+00
5.000000000000000000e-01 -2.863247863247863290e+00 1.500000000000000000e+01 -3.953125000000000000e+00
3.333333333333333148e-01 -3.135593220338981801e+00 2.066666666666666785e+01 8.645833333333357018e-01
0.000000000000000000e+00 -3.232758620689655249e+00 1.400000000000000000e+01 -4.312500000000000000e+00
0.000000000000000000e+00 -3.363247863247863290e+00 1.500000000000000000e+01 -3.953125000000000000e+00
0.000000000000000000e+00 -3.468926553672315283e+00 2.066666666666666785e+01 8.645833333333357018e-01
0.000000000000000000e+00 -3.232758620689655249e+00 1.500000000000000000e+01 -3.312500000000000000e+00
0.000000000000000000e+00 -3.363247863247863290e+00 1.150000000000000000e+01 -7.453125000000000000e+00
0.000000000000000000e+00 -3.468926553672315283e+00 1.300000000000000000e+01 -6.802083333333332149e+00
6.000000000000000000e+00 2.767241379310344751e+00 2.500000000000000000e+01 6.687500000000000000e+00
3.000000000000000000e+00 -3.632478632478632896e-01 8.000000000000000000e+00 -1.095312500000000000e+01
2.000000000000000000e+00 -1.468926553672315283e+00 1.200000000000000000e+01 -7.802083333333332149e+00
1.100000000000000000e+01 7.767241379310345195e+00 2.500000000000000000e+01 6.687500000000000000e+00
1.300000000000000000e+01 9.636752136752136266e+00 2.650000000000000000e+01 7.546875000000000000e+00
9.333333333333333925e+00 5.864406779661019087e+00 7.000000000000000000e+00 -1.280208333333333215e+01
0.000000000000000000e+00 -3.232758620689655249e+00 1.000000000000000000e+01 -8.312500000000000000e+00
0.000000000000000000e+00 -3.363247863247863290e+00 1.300000000000000000e+01 -5.953125000000000000e+00
0.000000000000000000e+00 -3.468926553672315283e+00 2.566666666666666785e+01 5.864583333333335702e+00
0.000000000000000000e+00 -3.232758620689655249e+00 2.300000000000000000e+01 4.687500000000000000e+00
0.000000000000000000e+00 -3.363247863247863290e+00 3.300000000000000000e+01 1.404687500000000000e+01
5.000000000000000000e+00 1.531073446327684717e+00 3.233333333333333570e+01 1.253125000000000355e+01
8.000000000000000000e+00 4.767241379310345195e+00 3.400000000000000000e+01 1.568750000000000000e+01
5.000000000000000000e+00 1.636752136752136710e+00 2.450000000000000000e+01 5.546875000000000000e+00
7.000000000000000000e+00 3.531073446327684717e+00 1.566666666666666607e+01 -4.135416666666666075e+00
0.000000000000000000e+00 -3.232758620689655249e+00 9.000000000000000000e+00 -9.312500000000000000e+00
0.000000000000000000e+00 -3.363247863247863290e+00 1.150000000000000000e+01 -7.453125000000000000e+00
0.000000000000000000e+00 -3.468926553672315283e+00 1.200000000000000000e+01 -7.802083333333332149e+00
0.000000000000000000e+00 -3.232758620689655249e+00 1.400000000000000000e+01 -4.312500000000000000e+00
0.000000000000000000e+00 -3.363247863247863290e+00 1.900000000000000000e+01 4.687500000000000000e-02
0.000000000000000000e+00 -3.468926553672315283e+00 1.166666666666666607e+01 -8.135416666666666075e+00
5.000000000000000000e+00 1.767241379310344751e+00 1.500000000000000000e+01 -3.312500000000000000e+00
7.500000000000000000e+00 4.136752136752136266e+00 1.750000000000000000e+01 -1.453125000000000000e+00
7.333333333333333037e+00 3.864406779661017755e+00 1.033333333333333393e+01 -9.468749999999998224e+00
1.000000000000000000e+00 -2.232758620689655249e+00 2.100000000000000000e+01 2.687500000000000000e+00
8.000000000000000000e+00 4.636752136752136266e+00 3.550000000000000000e+01 1.654687500000000000e+01
8.333333333333333925e+00 4.864406779661019087e+00 1.733333333333333215e+01 -2.468750000000000000e+00
0.000000000000000000e+00 -3.232758620689655249e+00 2.700000000000000000e+01 8.687500000000000000e+00
0.000000000000000000e+00 -3.363247863247863290e+00 1.600000000000000000e+01 -2.953125000000000000e+00
1.000000000000000000e+00 -2.468926553672315283e+00 1.500000000000000000e+01 -4.802083333333332149e+00
0.000000000000000000e+00 -3.232758620689655249e+00 1.200000000000000000e+01 -6.312500000000000000e+00
0.000000000000000000e+00 -3.363247863247863290e+00 1.050000000000000000e+01 -8.453125000000000000e+00
0.000000000000000000e+00 -3.468926553672315283e+00 1.566666666666666607e+01 -4.135416666666666075e+00
1.200000000000000000e+01 8.767241379310345195e+00 1.400000000000000000e+01 -4.312500000000000000e+00
8.500000000000000000e+00 5.136752136752136266e+00 1.900000000000000000e+01 4.687500000000000000e-02
5.666666666666666963e+00 2.197740112994351680e+00 1.166666666666666607e+01 -8.135416666666666075e+00
1.400000000000000000e+01 1.076724137931034520e+01 3.000000000000000000e+01 1.168750000000000000e+01
8.000000000000000000e+00 4.636752136752136266e+00 3.500000000000000000e+01 1.604687500000000000e+01
6.333333333333333037e+00 2.864406779661017755e+00 2.233333333333333215e+01 2.531250000000000000e+00
0.000000000000000000e+00 -3.232758620689655249e+00 1.500000000000000000e+01 -3.312500000000000000e+00
0.000000000000000000e+00 -3.363247863247863290e+00 1.600000000000000000e+01 -2.953125000000000000e+00
0.000000000000000000e+00 -3.468926553672315283e+00 1.900000000000000000e+01 -8.020833333333321491e-01
0.000000000000000000e+00 -3.232758620689655249e+00 5.000000000000000000e+00 -1.331250000000000000e+01
0.000000000000000000e+00 -3.363247863247863290e+00 5.000000000000000000e+00 -1.395312500000000000e+01
0.000000000000000000e+00 -3.468926553672315283e+00 2.166666666666666785e+01 1.864583333333335702e+00
2.400000000000000000e+01 2.076724137931034520e+01 3.000000000000000000e+01 1.168750000000000000e+01
1.650000000000000000e+01 1.313675213675213627e+01 2.600000000000000000e+01 7.046875000000000000e+00
1.600000000000000000e+01 1.253107344632768516e+01 1.900000000000000000e+01 -8.020833333333321491e-01
0.000000000000000000e+00 -3.232758620689655249e+00 1.900000000000000000e+01 6.875000000000000000e-01
0.000000000000000000e+00 -3.363247863247863290e+00 1.300000000000000000e+01 -5.953125000000000000e+00
0.000000000000000000e+00 -3.468926553672315283e+00 1.433333333333333393e+01 -5.468749999999998224e+00
7.000000000000000000e+00 3.767241379310344751e+00 1.200000000000000000e+01 -6.312500000000000000e+00
5.500000000000000000e+00 2.136752136752136710e+00 1.050000000000000000e+01 -8.453125000000000000e+00
6.666666666666666963e+00 3.197740112994351680e+00 1.566666666666666607e+01 -4.135416666666666075e+00
1.400000000000000000e+01 1.076724137931034520e+01 2.300000000000000000e+01 4.687500000000000000e+00
1.000000000000000000e+01 6.636752136752136266e+00 3.300000000000000000e+01 1.404687500000000000e+01
8.666666666666666075e+00 5.197740112994351236e+00 3.233333333333333570e+01 1.253125000000000355e+01
1.000000000000000000e+00 -2.232758620689655249e+00 1.100000000000000000e+01 -7.312500000000000000e+00
2.000000000000000000e+00 -1.363247863247863290e+00 1.450000000000000000e+01 -4.453125000000000000e+00
2.000000000000000000e+00 -1.468926553672315283e+00 2.400000000000000000e+01 4.197916666666667851e+00
0.000000000000000000e+00 -3.232758620689655249e+00 2.100000000000000000e+01 2.687500000000000000e+00
0.000000000000000000e+00 -3.363247863247863290e+00 1.200000000000000000e+01 -6.953125000000000000e+00
0.000000000000000000e+00 -3.468926553672315283e+00 1.266666666666666607e+01 -7.135416666666666075e+00
2.000000000000000000e+00 -1.232758620689655249e+00 2.700000000000000000e+01 8.687500000000000000e+00
2.000000000000000000e+00 -1.363247863247863290e+00 1.600000000000000000e+01 -2.953125000000000000e+00
1.000000000000000000e+00 -2.468926553672315283e+00 1.500000000000000000e+01 -4.802083333333332149e+00
1.700000000000000000e+01 1.376724137931034520e+01 1.900000000000000000e+01 6.875000000000000000e-01
1.850000000000000000e+01 1.513675213675213627e+01 1.300000000000000000e+01 -5.953125000000000000e+00
1.800000000000000000e+01 1.453107344632768516e+01 1.433333333333333393e+01 -5.468749999999998224e+00
0.000000000000000000e+00 -3.232758620689655249e+00 1.000000000000000000e+01 -8.312500000000000000e+00
0.000000000000000000e+00 -3.363247863247863290e+00 1.300000000000000000e+01 -5.953125000000000000e+00
0.000000000000000000e+00 -3.468926553672315283e+00 2.566666666666666785e+01 5.864583333333335702e+00
5.000000000000000000e+00 1.767241379310344751e+00 1.300000000000000000e+01 -5.312500000000000000e+00
5.500000000000000000e+00 2.136752136752136710e+00 1.600000000000000000e+01 -2.953125000000000000e+00
6.000000000000000000e+00 2.531073446327684717e+00 2.866666666666666785e+01 8.864583333333335702e+00
0.000000000000000000e+00 -3.232758620689655249e+00 1.100000000000000000e+01 -7.312500000000000000e+00
0.000000000000000000e+00 -3.363247863247863290e+00 1.450000000000000000e+01 -4.453125000000000000e+00
0.000000000000000000e+00 -3.468926553672315283e+00 2.400000000000000000e+01 4.197916666666667851e+00
0.000000000000000000e+00 -3.232758620689655249e+00 9.000000000000000000e+00 -9.312500000000000000e+00
0.000000000000000000e+00 -3.363247863247863290e+00 1.150000000000000000e+01 -7.453125000000000000e+00
0.000000000000000000e+00 -3.468926553672315283e+00 1.200000000000000000e+01 -7.802083333333332149e+00
0.000000000000000000e+00 -3.232758620689655249e+00 3.000000000000000000e+00 -1.531250000000000000e+01
5.000000000000000000e-01 -2.863247863247863290e+00 1.650000000000000000e+01 -2.453125000000000000e+00
6.666666666666666297e-01 -2.802259887005648764e+00 1.600000000000000000e+01 -3.802083333333332149e+00
5.000000000000000000e+00 1.767241379310344751e+00 1.000000000000000000e+01 -8.312500000000000000e+00
2.500000000000000000e+00 -8.632478632478632896e-01 1.300000000000000000e+01 -5.953125000000000000e+00
1.666666666666666741e+00 -1.802259887005648542e+00 2.566666666666666785e+01 5.864583333333335702e+00
0.000000000000000000e+00 -3.232758620689655249e+00 1.500000000000000000e+01 -3.312500000000000000e+00
0.000000000000000000e+00 -3.363247863247863290e+00 1.600000000000000000e+01 -2.953125000000000000e+00
0.000000000000000000e+00 -3.468926553672315283e+00 1.900000000000000000e+01 -8.020833333333321491e-01
4.000000000000000000e+00 7.672413793103447510e-01 2.500000000000000000e+01 6.687500000000000000e+00
2.000000000000000000e+00 -1.363247863247863290e+00 8.000000000000000000e+00 -1.095312500000000000e+01
2.333333333333333481e+00 -1.135593220338981801e+00 1.200000000000000000e+01 -7.802083333333332149e+00
0.000000000000000000e+00 -3.232758620689655249e+00 1.500000000000000000e+01 -3.312500000000000000e+00
0.000000000000000000e+00 -3.363247863247863290e+00 1.750000000000000000e+01 -1.453125000000000000e+00
0.000000000000000000e+00 -3.468926553672315283e+00 1.033333333333333393e+01 -9.468749999999998224e+00
0.000000000000000000e+00 -3.232758620689655249e+00 2.900000000000000000e+01 1.068750000000000000e+01
0.000000000000000000e+00 -3.363247863247863290e+00 1.300000000000000000e+01 -5.953125000000000000e+00
0.000000000000000000e+00 -3.468926553672315283e+00 1.266666666666666607e+01 -7.135416666666666075e+00
1.400000000000000000e+01 1.076724137931034520e+01 2.500000000000000000e+01 6.687500000000000000e+00
1.850000000000000000e+01 1.513675213675213627e+01 2.650000000000000000e+01 7.546875000000000000e+00
1.333333333333333393e+01 9.864406779661019087e+00 7.000000000000000000e+00 -1.280208333333333215e+01
6.000000000000000000e+00 2.767241379310344751e+00 1.700000000000000000e+01 -1.312500000000000000e+00
9.500000000000000000e+00 6.136752136752136266e+00 1.950000000000000000e+01 5.468750000000000000e-01
6.666666666666666963e+00 3.197740112994351680e+00 1.333333333333333393e+01 -6.468749999999998224e+00
0.000000000000000000e+00 -3.232758620689655249e+00 2.000000000000000000e+00 -1.631250000000000000e+01
1.050000000000000000e+01 7.136752136752136266e+00 1.700000000000000000e+01 -1.953125000000000000e+00
1.266666666666666607e+01 9.197740112994351236e+00 2.400000000000000000e+01 4.197916666666667851e+00
0.000000000000000000e+00 -3.232758620689655249e+00 3.400000000000000000e+01 1.568750000000000000e+01
0.000000000000000000e+00 -3.363247863247863290e+00 2.450000000000000000e+01 5.546875000000000000e+00
0.000000000000000000e+00 -3.468926553672315283e+00 1.566666666666666607e+01 -4.135416666666666075e+00
0.000000000000000000e+00 -3.232758620689655249e+00 5.000000000000000000e+00 -1.331250000000000000e+01
0.000000000000000000e+00 -3.363247863247863290e+00 5.000000000000000000e+00 -1.395312500000000000e+01
6.666666666666666297e-01 -2.802259887005648764e+00 2.166666666666666785e+01 1.864583333333335702e+00
0.000000000000000000e+00 -3.232758620689655249e+00 1.100000000000000000e+01 -7.312500000000000000e+00
0.000000000000000000e+00 -3.363247863247863290e+00 1.450000000000000000e+01 -4.453125000000000000e+00
0.000000000000000000e+00 -3.468926553672315283e+00 2.400000000000000000e+01 4.197916666666667851e+00
1.000000000000000000e+01 6.767241379310345195e+00 2.900000000000000000e+01 1.068750000000000000e+01
1.200000000000000000e+01 8.636752136752136266e+00 2.300000000000000000e+01 4.046875000000000000e+00
1.100000000000000000e+01 7.531073446327685161e+00 2.933333333333333215e+01 9.531250000000000000e+00
0.000000000000000000e+00 -3.232758620689655249e+00 9.000000000000000000e+00 -9.312500000000000000e+00
0.000000000000000000e+00 -3.363247863247863290e+00 2.100000000000000000e+01 2.046875000000000000e+00
0.000000000000000000e+00 -3.468926553672315283e+00 1.733333333333333215e+01 -2.468750000000000000e+00
1.000000000000000000e+00 -2.232758620689655249e+00 3.000000000000000000e+00 -1.531250000000000000e+01
6.500000000000000000e+00 3.136752136752136710e+00 1.650000000000000000e+01 -2.453125000000000000e+00
6.000000000000000000e+00 2.531073446327684717e+00 1.600000000000000000e+01 -3.802083333333332149e+00
0.000000000000000000e+00 -3.232758620689655249e+00 1.400000000000000000e+01 -4.312500000000000000e+00
1.500000000000000000e+00 -1.863247863247863290e+00 1.900000000000000000e+01 4.687500000000000000e-02
3.666666666666666519e+00 1.977401129943512359e-01 1.166666666666666607e+01 -8.135416666666666075e+00
2.000000000000000000e+00 -1.232758620689655249e+00 1.400000000000000000e+01 -4.312500000000000000e+00
9.000000000000000000e+00 5.636752136752136266e+00 1.500000000000000000e+01 -3.953125000000000000e+00
7.666666666666666963e+00 4.197740112994351236e+00 2.066666666666666785e+01 8.645833333333357018e-01
4.000000000000000000e+00 7.672413793103447510e-01 2.900000000000000000e+01 1.068750000000000000e+01
2.000000000000000000e+00 -1.363247863247863290e+00 2.300000000000000000e+01 4.046875000000000000e+00
1.333333333333333259e+00 -2.135593220338981801e+00 2.933333333333333215e+01 9.531250000000000000e+00
7.000000000000000000e+00 3.767241379310344751e+00 2.400000000000000000e+01 5.687500000000000000e+00
5.500000000000000000e+00 2.136752136752136710e+00 1.500000000000000000e+01 -3.953125000000000000e+00
9.000000000000000000e+00 5.531073446327685161e+00 1.866666666666666785e+01 -1.135416666666664298e+00
0.000000000000000000e+00 -3.232758620689655249e+00 4.400000000000000000e+01 2.568750000000000000e+01
0.000000000000000000e+00 -3.363247863247863290e+00 1.750000000000000000e+01 -1.453125000000000000e+00
0.000000000000000000e+00 -3.468926553672315283e+00 1.966666666666666785e+01 -1.354166666666642982e-01
2.000000000000000000e+00 -1.232758620689655249e+00 1.500000000000000000e+01 -3.312500000000000000e+00
2.500000000000000000e+00 -8.632478632478632896e-01 1.150000000000000000e+01 -7.453125000000000000e+00
1.666666666666666741e+00 -1.802259887005648542e+00 1.300000000000000000e+01 -6.802083333333332149e+00
2.000000000000000000e+00 -1.232758620689655249e+00 3.000000000000000000e+00 -1.531250000000000000e+01
1.000000000000000000e+00 -2.363247863247863290e+00 1.650000000000000000e+01 -2.453125000000000000e+00
6.666666666666666297e-01 -2.802259887005648764e+00 1.600000000000000000e+01 -3.802083333333332149e+00
0.000000000000000000e+00 -3.232758620689655249e+00 1.600000000000000000e+01 -2.312500000000000000e+00
0.000000000000000000e+00 -3.363247863247863290e+00 1.250000000000000000e+01 -6.453125000000000000e+00
0.000000000000000000e+00 -3.468926553672315283e+00 3.066666666666666785e+01 1.086458333333333570e+01
0.000000000000000000e+00 -3.232758620689655249e+00 1.000000000000000000e+01 -8.312500000000000000e+00
0.000000000000000000e+00 -3.363247863247863290e+00 1.300000000000000000e+01 -5.953125000000000000e+00
0.000000000000000000e+00 -3.468926553672315283e+00 2.566666666666666785e+01 5.864583333333335702e+00
0.000000000000000000e+00 -3.232758620689655249e+00 1.900000000000000000e+01 6.875000000000000000e-01
1.000000000000000000e+00 -2.363247863247863290e+00 1.300000000000000000e+01 -5.953125000000000000e+00
6.666666666666666297e-01 -2.802259887005648764e+00 1.433333333333333393e+01 -5.468749999999998224e+00
5.000000000000000000e+00 1.767241379310344751e+00 9.000000000000000000e+00 -9.312500000000000000e+00
3.000000000000000000e+00 -3.632478632478632896e-01 1.150000000000000000e+01 -7.453125000000000000e+00
2.666666666666666519e+00 -8.022598870056487641e-01 1.200000000000000000e+01 -7.802083333333332149e+00
9.000000000000000000e+00 5.767241379310345195e+00 2.700000000000000000e+01 8.687500000000000000e+00
5.500000000000000000e+00 2.136752136752136710e+00 1.600000000000000000e+01 -2.953125000000000000e+00
3.666666666666666519e+00 1.977401129943512359e-01 1.500000000000000000e+01 -4.802083333333332149e+00
0.000000000000000000e+00 -3.232758620689655249e+00 2.400000000000000000e+01 5.687500000000000000e+00
0.000000000000000000e+00 -3.363247863247863290e+00 1.500000000000000000e+01 -3.953125000000000000e+00
0.000000000000000000e+00 -3.468926553672315283e+00 1.866666666666666785e+01 -1.135416666666664298e+00
1.600000000000000000e+01 1.276724137931034520e+01 3.000000000000000000e+01 1.168750000000000000e+01
1.300000000000000000e+01 9.636752136752136266e+00 3.500000000000000000e+01 1.604687500000000000e+01
1.166666666666666607e+01 8.197740112994351236e+00 2.233333333333333215e+01 2.531250000000000000e+00
1.200000000000000000e+01 8.767241379310345195e+00 1.400000000000000000e+01 -4.312500000000000000e+00
8.000000000000000000e+00 4.636752136752136266e+00 1.500000000000000000e+01 -3.953125000000000000e+00
6.333333333333333037e+00 2.864406779661017755e+00 2.066666666666666785e+01 8.645833333333357018e-01
0.000000000000000000e+00 -3.232758620689655249e+00 3.000000000000000000e+00 -1.531250000000000000e+01
0.000000000000000000e+00 -3.363247863247863290e+00 1.650000000000000000e+01 -2.453125000000000000e+00
0.000000000000000000e+00 -3.468926553672315283e+00 1.600000000000000000e+01 -3.802083333333332149e+00
0.000000000000000000e+00 -3.232758620689655249e+00 2.000000000000000000e+01 1.687500000000000000e+00
5.000000000000000000e+00 1.636752136752136710e+00 3.300000000000000000e+01 1.404687500000000000e+01
3.333333333333333481e+00 -1.355932203389818014e-01 1.866666666666666785e+01 -1.135416666666664298e+00
0.000000000000000000e+00 -3.232758620689655249e+00 1.500000000000000000e+01 -3.312500000000000000e+00
0.000000000000000000e+00 -3.363247863247863290e+00 1.750000000000000000e+01 -1.453125000000000000e+00
0.000000000000000000e+00 -3.468926553672315283e+00 1.033333333333333393e+01 -9.468749999999998224e+00
0.000000000000000000e+00 -3.232758620689655249e+00 9.000000000000000000e+00 -9.312500000000000000e+00
0.000000000000000000e+00 -3.363247863247863290e+00 2.700000000000000000e+01 8.046875000000000000e+00
1.000000000000000000e+00 -2.468926553672315283e+00 1.533333333333333393e+01 -4.468749999999998224e+00
3.000000000000000000e+00 -2.327586206896552490e-01 1.100000000000000000e+01 -7.312500000000000000e+00
7.000000000000000000e+00 3.636752136752136710e+00 1.450000000000000000e+01 -4.453125000000000000e+00
6.000000000000000000e+00 2.531073446327684717e+00 2.400000000000000000e+01 4.197916666666667851e+00
1.000000000000000000e+01 6.767241379310345195e+00 2.100000000000000000e+01 2.687500000000000000e+00
1.600000000000000000e+01 1.263675213675213627e+01 3.550000000000000000e+01 1.654687500000000000e+01
1.600000000000000000e+01 1.253107344632768516e+01 1.733333333333333215e+01 -2.468750000000000000e+00
0.000000000000000000e+00 -3.232758620689655249e+00 9.000000000000000000e+00 -9.312500000000000000e+00
0.000000000000000000e+00 -3.363247863247863290e+00 1.150000000000000000e+01 -7.453125000000000000e+00
0.000000000000000000e+00 -3.468926553672315283e+00 1.200000000000000000e+01 -7.802083333333332149e+00
0.000000000000000000e+00 -3.232758620689655249e+00 1.700000000000000000e+01 -1.312500000000000000e+00
0.000000000000000000e+00 -3.363247863247863290e+00 1.950000000000000000e+01 5.468750000000000000e-01
0.000000000000000000e+00 -3.468926553672315283e+00 1.333333333333333393e+01 -6.468749999999998224e+00
9.000000000000000000e+00 5.767241379310345195e+00 2.000000000000000000e+01 1.687500000000000000e+00
1.450000000000000000e+01 1.113675213675213627e+01 3.300000000000000000e+01 1.404687500000000000e+01
1.200000000000000000e+01 8.531073446327685161e+00 1.866666666666666785e+01 -1.135416666666664298e+00
0.000000000000000000e+00 -3.232758620689655249e+00 2.400000000000000000e+01 5.687500000000000000e+00
0.000000000000000000e+00 -3.363247863247863290e+00 1.500000000000000000e+01 -3.953125000000000000e+00
0.000000000000000000e+00 -3.468926553672315283e+00 1.866666666666666785e+01 -1.135416666666664298e+00
5.000000000000000000e+00 1.767241379310344751e+00 5.000000000000000000e+00 -1.331250000000000000e+01
2.500000000000000000e+00 -8.632478632478632896e-01 5.000000000000000000e+00 -1.395312500000000000e+01
3.666666666666666519e+00 1.977401129943512359e-01 2.166666666666666785e+01 1.864583333333335702e+00
5.000000000000000000e+00 1.767241379310344751e+00 2.700000000000000000e+01 8.687500000000000000e+00
4.500000000000000000e+00 1.136752136752136710e+00 1.600000000000000000e+01 -2.953125000000000000e+00
6.666666666666666963e+00 3.197740112994351680e+00 1.500000000000000000e+01 -4.802083333333332149e+00
0.000000000000000000e+00 -3.232758620689655249e+00 1.400000000000000000e+01 -4.312500000000000000e+00
0.000000000000000000e+00 -3.363247863247863290e+00 1.900000000000000000e+01 4.687500000000000000e-02
3.333333333333333148e-01 -3.135593220338981801e+00 1.166666666666666607e+01 -8.135416666666666075e+00
2.000000000000000000e+00 -1.232758620689655249e+00 4.400000000000000000e+01 2.568750000000000000e+01
5.500000000000000000e+00 2.136752136752136710e+00 1.750000000000000000e+01 -1.453125000000000000e+00
3.666666666666666519e+00 1.977401129943512359e-01 1.966666666666666785e+01 -1.354166666666642982e-01
2.400000000000000000e+01 2.076724137931034520e+01 4.400000000000000000e+01 2.568750000000000000e+01
1.750000000000000000e+01 1.413675213675213627e+01 1.750000000000000000e+01 -1.453125000000000000e+00
1.966666666666666785e+01 1.619774011299435301e+01 1.966666666666666785e+01 -1.354166666666642982e-01
1.100000000000000000e+01 7.767241379310345195e+00 1.600000000000000000e+01 -2.312500000000000000e+00
9.000000000000000000e+00 5.636752136752136266e+00 1.250000000000000000e+01 -6.453125000000000000e+00
7.000000000000000000e+00 3.531073446327684717e+00 3.066666666666666785e+01 1.086458333333333570e+01
0.000000000000000000e+00 -3.232758620689655249e+00 2.500000000000000000e+01 6.687500000000000000e+00
0.000000000000000000e+00 -3.363247863247863290e+00 2.650000000000000000e+01 7.546875000000000000e+00
2.000000000000000000e+00 -1.468926553672315283e+00 7.000000000000000000e+00 -1.280208333333333215e+01
0.000000000000000000e+00 -3.232758620689655249e+00 1.400000000000000000e+01 -4.312500000000000000e+00
2.500000000000000000e+00 -8.632478632478632896e-01 1.900000000000000000e+01 4.687500000000000000e-02
1.666666666666666741e+00 -1.802259887005648542e+00 1.166666666666666607e+01 -8.135416666666666075e+00
0.000000000000000000e+00 -3.232758620689655249e+00 1.300000000000000000e+01 -5.312500000000000000e+00
0.000000000000000000e+00 -3.363247863247863290e+00 1.600000000000000000e+01 -2.953125000000000000e+00
0.000000000000000000e+00 -3.468926553672315283e+00 2.866666666666666785e+01 8.864583333333335702e+00
0.000000000000000000e+00 -3.232758620689655249e+00 5.000000000000000000e+00 -1.331250000000000000e+01
0.000000000000000000e+00 -3.363247863247863290e+00 5.000000000000000000e+00 -1.395312500000000000e+01
0.000000000000000000e+00 -3.468926553672315283e+00 2.166666666666666785e+01 1.864583333333335702e+00
4.000000000000000000e+00 7.672413793103447510e-01 9.000000000000000000e+00 -9.312500000000000000e+00
7.500000000000000000e+00 4.136752136752136266e+00 1.150000000000000000e+01 -7.453125000000000000e+00
8.666666666666666075e+00 5.197740112994351236e+00 1.200000000000000000e+01 -7.802083333333332149e+00
0.000000000000000000e+00 -3.232758620689655249e+00 2.000000000000000000e+00 -1.631250000000000000e+01
0.000000000000000000e+00 -3.363247863247863290e+00 1.700000000000000000e+01 -1.953125000000000000e+00
0.000000000000000000e+00 -3.468926553672315283e+00 2.400000000000000000e+01 4.197916666666667851e+00
2.000000000000000000e+00 -1.232758620689655249e+00 2.000000000000000000e+00 -1.631250000000000000e+01
1.000000000000000000e+00 -2.363247863247863290e+00 1.700000000000000000e+01 -1.953125000000000000e+00
6.666666666666666297e-01 -2.802259887005648764e+00 2.400000000000000000e+01 4.197916666666667851e+00
0.000000000000000000e+00 -3.232758620689655249e+00 3.000000000000000000e+01 1.168750000000000000e+01
1.500000000000000000e+00 -1.863247863247863290e+00 3.500000000000000000e+01 1.604687500000000000e+01
1.000000000000000000e+00 -2.468926553672315283e+00 2.233333333333333215e+01 2.531250000000000000e+00
0.000000000000000000e+00 -3.232758620689655249e+00 2.100000000000000000e+01 2.687500000000000000e+00
0.000000000000000000e+00 -3.363247863247863290e+00 3.550000000000000000e+01 1.654687500000000000e+01
3.333333333333333148e-01 -3.135593220338981801e+00 1.733333333333333215e+01 -2.468750000000000000e+00
0.000000000000000000e+00 -3.232758620689655249e+00 2.000000000000000000e+00 -1.631250000000000000e+01
0.000000000000000000e+00 -3.363247863247863290e+00 1.700000000000000000e+01 -1.953125000000000000e+00
2.333333333333333481e+00 -1.135593220338981801e+00 2.400000000000000000e+01 4.197916666666667851e+00
-1.000000000000000000e+00 -4.232758620689654805e+00 2.300000000000000000e+01 4.687500000000000000e+00
4.000000000000000000e+00 6.367521367521367104e-01 3.300000000000000000e+01 1.404687500000000000e+01
2.666666666666666519e+00 -8.022598870056487641e-01 3.233333333333333570e+01 1.253125000000000355e+01
0.000000000000000000e+00 -3.232758620689655249e+00 9.000000000000000000e+00 -9.312500000000000000e+00
0.000000000000000000e+00 -3.363247863247863290e+00 2.100000000000000000e+01 2.046875000000000000e+00
0.000000000000000000e+00 -3.468926553672315283e+00 1.733333333333333215e+01 -2.468750000000000000e+00
1.200000000000000000e+01 8.767241379310345195e+00 2.400000000000000000e+01 5.687500000000000000e+00
1.200000000000000000e+01 8.636752136752136266e+00 1.500000000000000000e+01 -3.953125000000000000e+00
9.666666666666666075e+00 6.197740112994351236e+00 1.866666666666666785e+01 -1.135416666666664298e+00
0.000000000000000000e+00 -3.232758620689655249e+00 5.000000000000000000e+00 -1.331250000000000000e+01
5.000000000000000000e-01 -2.863247863247863290e+00 5.000000000000000000e+00 -1.395312500000000000e+01
1.333333333333333259e+00 -2.135593220338981801e+00 2.166666666666666785e+01 1.864583333333335702e+00
0.000000000000000000e+00 -3.232758620689655249e+00 2.100000000000000000e+01 2.687500000000000000e+00
0.000000000000000000e+00 -3.363247863247863290e+00 1.200000000000000000e+01 -6.953125000000000000e+00
0.000000000000000000e+00 -3.468926553672315283e+00 1.266666666666666607e+01 -7.135416666666666075e+00
8.000000000000000000e+00 4.767241379310345195e+00 9.000000000000000000e+00 -9.312500000000000000e+00
4.000000000000000000e+00 6.367521367521367104e-01 2.100000000000000000e+01 2.046875000000000000e+00
2.666666666666666519e+00 -8.022598870056487641e-01 1.733333333333333215e+01 -2.468750000000000000e+00
1.100000000000000000e+01 7.767241379310345195e+00 2.700000000000000000e+01 8.687500000000000000e+00
6.000000000000000000e+00 2.636752136752136710e+00 1.600000000000000000e+01 -2.953125000000000000e+00
7.000000000000000000e+00 3.531073446327684717e+00 1.500000000000000000e+01 -4.802083333333332149e+00
5.000000000000000000e+00 1.767241379310344751e+00 2.000000000000000000e+01 1.687500000000000000e+00
4.000000000000000000e+00 6.367521367521367104e-01 3.300000000000000000e+01 1.404687500000000000e+01
6.333333333333333037e+00 2.864406779661017755e+00 1.866666666666666785e+01 -1.135416666666664298e+00
2.000000000000000000e+00 -1.232758620689655249e+00 1.200000000000000000e+01 -6.312500000000000000e+00
1.000000000000000000e+00 -2.363247863247863290e+00 1.050000000000000000e+01 -8.453125000000000000e+00
2.666666666666666519e+00 -8.022598870056487641e-01 1.566666666666666607e+01 -4.135416666666666075e+00
0.000000000000000000e+00 -3.232758620689655249e+00 1.400000000000000000e+01 -4.312500000000000000e+00
0.000000000000000000e+00 -3.363247863247863290e+00 1.500000000000000000e+01 -3.953125000000000000e+00
0.000000000000000000e+00 -3.468926553672315283e+00 2.066666666666666785e+01 8.645833333333357018e-01
2.000000000000000000e+00 -1.232758620689655249e+00 1.900000000000000000e+01 6.875000000000000000e-01
2.000000000000000000e+00 -1.363247863247863290e+00 1.300000000000000000e+01 -5.953125000000000000e+00
1.333333333333333259e+00 -2.135593220338981801e+00 1.433333333333333393e+01 -5.468749999999998224e+00
1.600000000000000000e+01 1.276724137931034520e+01 2.100000000000000000e+01 2.687500000000000000e+00
9.500000000000000000e+00 6.136752136752136266e+00 1.200000000000000000e+01 -6.953125000000000000e+00
8.666666666666666075e+00 5.197740112994351236e+00 1.266666666666666607e+01 -7.135416666666666075e+00
1.000000000000000000e+00 -2.232758620689655249e+00 9.000000000000000000e+00 -9.312500000000000000e+00
7.000000000000000000e+00 3.636752136752136710e+00 2.100000000000000000e+01 2.046875000000000000e+00
6.666666666666666963e+00 3.197740112994351680e+00 1.733333333333333215e+01 -2.468750000000000000e+00
5.000000000000000000e+00 1.767241379310344751e+00 1.600000000000000000e+01 -2.312500000000000000e+00
3.500000000000000000e+00 1.367521367521367104e-01 1.250000000000000000e+01 -6.453125000000000000e+00
7.333333333333333037e+00 3.864406779661017755e+00 3.066666666666666785e+01 1.086458333333333570e+01
1.500000000000000000e+01 1.176724137931034520e+01 1.500000000000000000e+01 -3.312500000000000000e+00
1.150000000000000000e+01 8.136752136752136266e+00 1.600000000000000000e+01 -2.953125000000000000e+00
1.533333333333333393e+01 1.186440677966101909e+01 1.900000000000000000e+01 -8.020833333333321491e-01
0.000000000000000000e+00 -3.232758620689655249e+00 3.000000000000000000e+01 1.168750000000000000e+01
0.000000000000000000e+00 -3.363247863247863290e+00 3.500000000000000000e+01 1.604687500000000000e+01
0.000000000000000000e+00 -3.468926553672315283e+00 2.233333333333333215e+01 2.531250000000000000e+00
6.000000000000000000e+00 2.767241379310344751e+00 2.000000000000000000e+01 1.687500000000000000e+00
7.000000000000000000e+00 3.636752136752136710e+00 3.300000000000000000e+01 1.404687500000000000e+01
6.666666666666666963e+00 3.197740112994351680e+00 1.866666666666666785e+01 -1.135416666666664298e+00
0.000000000000000000e+00 -3.232758620689655249e+00 1.400000000000000000e+01 -4.312500000000000000e+00
0.000000000000000000e+00 -3.363247863247863290e+00 1.500000000000000000e+01 -3.953125000000000000e+00
0.000000000000000000e+00 -3.468926553672315283e+00 2.066666666666666785e+01 8.645833333333357018e-01
1.000000000000000000e+01 6.767241379310345195e+00 2.900000000000000000e+01 1.068750000000000000e+01
7.000000000000000000e+00 3.636752136752136710e+00 1.300000000000000000e+01 -5.953125000000000000e+00
8.666666666666666075e+00 5.197740112994351236e+00 1.266666666666666607e+01 -7.135416666666666075e+00
1.100000000000000000e+01 7.767241379310345195e+00 1.700000000000000000e+01 -1.312500000000000000e+00
5.500000000000000000e+00 2.136752136752136710e+00 1.950000000000000000e+01 5.468750000000000000e-01
6.000000000000000000e+00 2.531073446327684717e+00 1.333333333333333393e+01 -6.468749999999998224e+00
5.000000000000000000e+00 1.767241379310344751e+00 1.000000000000000000e+01 -8.312500000000000000e+00
1.100000000000000000e+01 7.636752136752136266e+00 1.300000000000000000e+01 -5.953125000000000000e+00
9.333333333333333925e+00 5.864406779661019087e+00 2.566666666666666785e+01 5.864583333333335702e+00
0.000000000000000000e+00 -3.232758620689655249e+00 1.400000000000000000e+01 -4.312500000000000000e+00
0.000000000000000000e+00 -3.363247863247863290e+00 1.500000000000000000e+01 -3.953125000000000000e+00
0.000000000000000000e+00 -3.468926553672315283e+00 2.066666666666666785e+01 8.645833333333357018e-01
1.500000000000000000e+01 1.176724137931034520e+01 2.900000000000000000e+01 1.068750000000000000e+01
1.000000000000000000e+01 6.636752136752136266e+00 2.300000000000000000e+01 4.046875000000000000e+00
1.033333333333333393e+01 6.864406779661019087e+00 2.933333333333333215e+01 9.531250000000000000e+00
1.800000000000000000e+01 1.476724137931034520e+01 3.400000000000000000e+01 1.568750000000000000e+01
1.700000000000000000e+01 1.363675213675213627e+01 2.450000000000000000e+01 5.546875000000000000e+00
1.133333333333333393e+01 7.864406779661019087e+00 1.566666666666666607e+01 -4.135416666666666075e+00
0.000000000000000000e+00 -3.232758620689655249e+00 2.400000000000000000e+01 5.687500000000000000e+00
0.000000000000000000e+00 -3.363247863247863290e+00 1.500000000000000000e+01 -3.953125000000000000e+00
0.000000000000000000e+00 -3.468926553672315283e+00 1.866666666666666785e+01 -1.135416666666664298e+00
0.000000000000000000e+00 -3.232758620689655249e+00 3.000000000000000000e+00 -1.531250000000000000e+01
0.000000000000000000e+00 -3.363247863247863290e+00 1.650000000000000000e+01 -2.453125000000000000e+00
0.000000000000000000e+00 -3.468926553672315283e+00 1.600000000000000000e+01 -3.802083333333332149e+00
4.000000000000000000e+00 7.672413793103447510e-01 2.500000000000000000e+01 6.687500000000000000e+00
4.500000000000000000e+00 1.136752136752136710e+00 8.000000000000000000e+00 -1.095312500000000000e+01
3.333333333333333481e+00 -1.355932203389818014e-01 1.200000000000000000e+01 -7.802083333333332149e+00
0.000000000000000000e+00 -3.232758620689655249e+00 3.400000000000000000e+01 1.568750000000000000e+01
0.000000000000000000e+00 -3.363247863247863290e+00 2.450000000000000000e+01 5.546875000000000000e+00
0.000000000000000000e+00 -3.468926553672315283e+00 1.566666666666666607e+01 -4.135416666666666075e+00
0.000000000000000000e+00 -3.232758620689655249e+00 1.600000000000000000e+01 -2.312500000000000000e+00
0.000000000000000000e+00 -3.363247863247863290e+00 1.250000000000000000e+01 -6.453125000000000000e+00
3.333333333333333148e-01 -3.135593220338981801e+00 3.066666666666666785e+01 1.086458333333333570e+01
9.000000000000000000e+00 5.767241379310345195e+00 9.000000000000000000e+00 -9.312500000000000000e+00
1.450000000000000000e+01 1.113675213675213627e+01 2.700000000000000000e+01 8.046875000000000000e+00
9.666666666666666075e+00 6.197740112994351236e+00 1.533333333333333393e+01 -4.468749999999998224e+00
0.000000000000000000e+00 -3.232758620689655249e+00 1.700000000000000000e+01 -1.312500000000000000e+00
0.000000000000000000e+00 -3.363247863247863290e+00 1.950000000000000000e+01 5.468750000000000000e-01
0.000000000000000000e+00 -3.468926553672315283e+00 1.333333333333333393e+01 -6.468749999999998224e+00
0.000000000000000000e+00 -3.232758620689655249e+00 9.000000000000000000e+00 -9.312500000000000000e+00
0.000000000000000000e+00 -3.363247863247863290e+00 1.150000000000000000e+01 -7.453125000000000000e+00
6.666666666666666297e-01 -2.802259887005648764e+00 1.200000000000000000e+01 -7.802083333333332149e+00
0.000000000000000000e+00 -3.232758620689655249e+00 1.500000000000000000e+01 -3.312500000000000000e+00
0.000000000000000000e+00 -3.363247863247863290e+00 1.600000000000000000e+01 -2.953125000000000000e+00
0.000000000000000000e+00 -3.468926553672315283e+00 1.900000000000000000e+01 -8.020833333333321491e-01
0.000000000000000000e+00 -3.232758620689655249e+00 2.900000000000000000e+01 1.068750000000000000e+01
0.000000000000000000e+00 -3.363247863247863290e+00 1.300000000000000000e+01 -5.953125000000000000e+00
1.000000000000000000e+00 -2.468926553672315283e+00 1.266666666666666607e+01 -7.135416666666666075e+00
0.000000000000000000e+00 -3.232758620689655249e+00 1.500000000000000000e+01 -3.312500000000000000e+00
0.000000000000000000e+00 -3.363247863247863290e+00 1.600000000000000000e+01 -2.953125000000000000e+00
0.000000000000000000e+00 -3.468926553672315283e+00 1.900000000000000000e+01 -8.020833333333321491e-01
0.000000000000000000e+00 -3.232758620689655249e+00 2.100000000000000000e+01 2.687500000000000000e+00
0.000000000000000000e+00 -3.363247863247863290e+00 3.550000000000000000e+01 1.654687500000000000e+01
0.000000000000000000e+00 -3.468926553672315283e+00 1.733333333333333215e+01 -2.468750000000000000e+00
0.000000000000000000e+00 -3.232758620689655249e+00 1.600000000000000000e+01 -2.312500000000000000e+00
3.000000000000000000e+00 -3.632478632478632896e-01 1.250000000000000000e+01 -6.453125000000000000e+00
2.000000000000000000e+00 -1.468926553672315283e+00 3.066666666666666785e+01 1.086458333333333570e+01
0.000000000000000000e+00 -3.232758620689655249e+00 1.500000000000000000e+01 -3.312500000000000000e+00
5.000000000000000000e-01 -2.863247863247863290e+00 1.600000000000000000e+01 -2.953125000000000000e+00
6.666666666666666297e-01 -2.802259887005648764e+00 1.900000000000000000e+01 -8.020833333333321491e-01
0.000000000000000000e+00 -3.232758620689655249e+00 2.000000000000000000e+00 -1.631250000000000000e+01
0.000000000000000000e+00 -3.363247863247863290e+00 1.700000000000000000e+01 -1.953125000000000000e+00
6.000000000000000000e+00 2.531073446327684717e+00 2.400000000000000000e+01 4.197916666666667851e+00
1.900000000000000000e+01 1.576724137931034520e+01 2.900000000000000000e+01 1.068750000000000000e+01
9.500000000000000000e+00 6.136752136752136266e+00 1.300000000000000000e+01 -5.953125000000000000e+00
6.333333333333333037e+00 2.864406779661017755e+00 1.266666666666666607e+01 -7.135416666666666075e+00
0.000000000000000000e+00 -3.232758620689655249e+00 9.000000000000000000e+00 -9.312500000000000000e+00
2.000000000000000000e+00 -1.363247863247863290e+00 2.700000000000000000e+01 8.046875000000000000e+00
4.000000000000000000e+00 5.310734463276847173e-01 1.533333333333333393e+01 -4.468749999999998224e+00
0.000000000000000000e+00 -3.232758620689655249e+00 9.000000000000000000e+00 -9.312500000000000000e+00
0.000000000000000000e+00 -3.363247863247863290e+00 2.100000000000000000e+01 2.046875000000000000e+00
0.000000000000000000e+00 -3.468926553672315283e+00 1.733333333333333215e+01 -2.468750000000000000e+00
1.300000000000000000e+01 9.767241379310345195e+00 1.500000000000000000e+01 -3.312500000000000000e+00
1.050000000000000000e+01 7.136752136752136266e+00 1.150000000000000000e+01 -7.453125000000000000e+00
7.333333333333333037e+00 3.864406779661017755e+00 1.300000000000000000e+01 -6.802083333333332149e+00
0.000000000000000000e+00 -3.232758620689655249e+00 1.500000000000000000e+01 -3.312500000000000000e+00
0.000000000000000000e+00 -3.363247863247863290e+00 1.750000000000000000e+01 -1.453125000000000000e+00
0.000000000000000000e+00 -3.468926553672315283e+00 1.033333333333333393e+01 -9.468749999999998224e+00
3.000000000000000000e+00 -2.327586206896552490e-01 1.200000000000000000e+01 -6.312500000000000000e+00
1.500000000000000000e+00 -1.863247863247863290e+00 1.050000000000000000e+01 -8.453125000000000000e+00
1.000000000000000000e+00 -2.468926553672315283e+00 1.566666666666666607e+01 -4.135416666666666075e+00
8.000000000000000000e+00 4.767241379310345195e+00 1.500000000000000000e+01 -3.312500000000000000e+00
4.000000000000000000e+00 6.367521367521367104e-01 1.750000000000000000e+01 -1.453125000000000000e+00
2.666666666666666519e+00 -8.022598870056487641e-01 1.033333333333333393e+01 -9.468749999999998224e+00
0.000000000000000000e+00 -3.232758620689655249e+00 1.300000000000000000e+01 -5.312500000000000000e+00
0.000000000000000000e+00 -3.363247863247863290e+00 1.600000000000000000e+01 -2.953125000000000000e+00
0.000000000000000000e+00 -3.468926553672315283e+00 2.866666666666666785e+01 8.864583333333335702e+00
0.000000000000000000e+00 -3.232758620689655249e+00 2.400000000000000000e+01 5.687500000000000000e+00
0.000000000000000000e+00 -3.363247863247863290e+00 1.500000000000000000e+01 -3.953125000000000000e+00
0.000000000000000000e+00 -3.468926553672315283e+00 1.866666666666666785e+01 -1.135416666666664298e+00
8.000000000000000000e+00 4.767241379310345195e+00 3.400000000000000000e+01 1.568750000000000000e+01
4.500000000000000000e+00 1.136752136752136710e+00 2.450000000000000000e+01 5.546875000000000000e+00
5.000000000000000000e+00 1.531073446327684717e+00 1.566666666666666607e+01 -4.135416666666666075e+00
0.000000000000000000e+00 -3.232758620689655249e+00 3.400000000000000000e+01 1.568750000000000000e+01
0.000000000000000000e+00 -3.363247863247863290e+00 2.450000000000000000e+01 5.546875000000000000e+00
0.000000000000000000e+00 -3.468926553672315283e+00 1.566666666666666607e+01 -4.135416666666666075e+00
0.000000000000000000e+00 -3.232758620689655249e+00 2.900000000000000000e+01 1.068750000000000000e+01
5.000000000000000000e-01 -2.863247863247863290e+00 1.300000000000000000e+01 -5.953125000000000000e+00
3.333333333333333148e-01 -3.135593220338981801e+00 1.266666666666666607e+01 -7.135416666666666075e+00
0.000000000000000000e+00 -3.232758620689655249e+00 3.000000000000000000e+01 1.168750000000000000e+01
2.000000000000000000e+00 -1.363247863247863290e+00 3.500000000000000000e+01 1.604687500000000000e+01
1.666666666666666741e+00 -1.802259887005648542e+00 2.233333333333333215e+01 2.531250000000000000e+00
0.000000000000000000e+00 -3.232758620689655249e+00 3.000000000000000000e+00 -1.531250000000000000e+01
0.000000000000000000e+00 -3.363247863247863290e+00 1.650000000000000000e+01 -2.453125000000000000e+00
0.000000000000000000e+00 -3.468926553672315283e+00 1.600000000000000000e+01 -3.802083333333332149e+00
6.000000000000000000e+00 2.767241379310344751e+00 3.000000000000000000e+01 1.168750000000000000e+01
3.000000000000000000e+00 -3.632478632478632896e-01 2.600000000000000000e+01 7.046875000000000000e+00
7.666666666666666963e+00 4.197740112994351236e+00 1.900000000000000000e+01 -8.020833333333321491e-01
0.000000000000000000e+00 -3.232758620689655249e+00 2.000000000000000000e+00 -1.631250000000000000e+01
0.000000000000000000e+00 -3.363247863247863290e+00 1.700000000000000000e+01 -1.953125000000000000e+00
0.000000000000000000e+00 -3.468926553672315283e+00 2.400000000000000000e+01 4.197916666666667851e+00
0.000000000000000000e+00 -3.232758620689655249e+00 1.000000000000000000e+01 -8.312500000000000000e+00
0.000000000000000000e+00 -3.363247863247863290e+00 1.300000000000000000e+01 -5.953125000000000000e+00
0.000000000000000000e+00 -3.468926553672315283e+00 2.566666666666666785e+01 5.864583333333335702e+00
7.000000000000000000e+00 3.767241379310344751e+00 4.400000000000000000e+01 2.568750000000000000e+01
3.500000000000000000e+00 1.367521367521367104e-01 1.750000000000000000e+01 -1.453125000000000000e+00
2.666666666666666519e+00 -8.022598870056487641e-01 1.966666666666666785e+01 -1.354166666666642982e-01
7.000000000000000000e+00 3.767241379310344751e+00 1.100000000000000000e+01 -7.312500000000000000e+00
3.500000000000000000e+00 1.367521367521367104e-01 1.450000000000000000e+01 -4.453125000000000000e+00
2.333333333333333481e+00 -1.135593220338981801e+00 2.400000000000000000e+01 4.197916666666667851e+00
0.000000000000000000e+00 -3.232758620689655249e+00 1.600000000000000000e+01 -2.312500000000000000e+00
0.000000000000000000e+00 -3.363247863247863290e+00 1.250000000000000000e+01 -6.453125000000000000e+00
0.000000000000000000e+00 -3.468926553672315283e+00 3.066666666666666785e+01 1.086458333333333570e+01
0.000000000000000000e+00 -3.232758620689655249e+00 5.000000000000000000e+00 -1.331250000000000000e+01
0.000000000000000000e+00 -3.363247863247863290e+00 5.000000000000000000e+00 -1.395312500000000000e+01
3.333333333333333148e-01 -3.135593220338981801e+00 2.166666666666666785e+01 1.864583333333335702e+00
8.000000000000000000e+00 4.767241379310345195e+00 1.300000000000000000e+01 -5.312500000000000000e+00
1.450000000000000000e+01 1.113675213675213627e+01 1.600000000000000000e+01 -2.953125000000000000e+00
1.400000000000000000e+01 1.053107344632768516e+01 2.866666666666666785e+01 8.864583333333335702e+00
