0.000000000000000000e+00 -8.074074074074074403e+00 0.000000000000000000e+00 -6.812500000000000000e+00
0.000000000000000000e+00 -8.111111111111110716e+00 0.000000000000000000e+00 -6.843750000000000000e+00
0.000000000000000000e+00 -7.938271604938271331e+00 6.000000000000000000e+00 -6.979166666666669627e-01
0.000000000000000000e+00 -7.768518518518518157e+00 8.000000000000000000e+00 1.315104166666666075e+00
7.000000000000000000e+00 -1.074074074074074403e+00 7.000000000000000000e+00 1.875000000000000000e-01
9.500000000000000000e+00 1.388888888888889284e+00 7.000000000000000000e+00 1.562500000000000000e-01
9.333333333333333925e+00 1.395061728395062595e+00 1.066666666666666607e+01 3.968749999999999112e+00
8.000000000000000000e+00 2.314814814814818433e-01 7.000000000000000000e+00 3.151041666666660745e-01
9.000000000000000000e+00 9.259259259259255970e-01 9.000000000000000000e+00 2.187500000000000000e+00
8.500000000000000000e+00 3.888888888888892836e-01 9.000000000000000000e+00 2.156250000000000000e+00
1.066666666666666607e+01 2.728395061728394744e+00 1.200000000000000000e+01 5.302083333333333037e+00
9.250000000000000000e+00 1.481481481481481843e+00 6.750000000000000000e+00 6.510416666666607455e-02
2.000000000000000000e+00 -6.074074074074074403e+00 2.000000000000000000e+00 -4.812500000000000000e+00
2.000000000000000000e+00 -6.111111111111110716e+00 3.500000000000000000e+00 -3.343750000000000000e+00
5.333333333333333037e+00 -2.604938271604938294e+00 4.666666666666666963e+00 -2.031250000000000000e+00
6.250000000000000000e+00 -1.518518518518518157e+00 4.750000000000000000e+00 -1.934895833333333925e+00
4.000000000000000000e+00 -4.074074074074074403e+00 4.000000000000000000e+00 -2.812500000000000000e+00
8.500000000000000000e+00 3.888888888888892836e-01 7.500000000000000000e+00 6.562500000000000000e-01
6.000000000000000000e+00 -1.938271604938271331e+00 5.000000000000000000e+00 -1.697916666666666963e+00
6.750000000000000000e+00 -1.018518518518518157e+00 1.125000000000000000e+01 4.565104166666666075e+00
6.000000000000000000e+00 -2.074074074074074403e+00 6.000000000000000000e+00 -8.125000000000000000e-01
8.000000000000000000e+00 -1.111111111111107164e-01 7.000000000000000000e+00 1.562500000000000000e-01
1.066666666666666607e+01 2.728395061728394744e+00 9.333333333333333925e+00 2.635416666666666963e+00
1.075000000000000000e+01 2.981481481481481843e+00 9.250000000000000000e+00 2.565104166666666075e+00
1.300000000000000000e+01 4.925925925925925597e+00 1.300000000000000000e+01 6.187500000000000000e+00
1.450000000000000000e+01 6.388888888888889284e+00 1.300000000000000000e+01 6.156250000000000000e+00
1.133333333333333393e+01 3.395061728395062595e+00 2.666666666666666519e+00 -4.031250000000000000e+00
9.750000000000000000e+00 1.981481481481481843e+00 4.750000000000000000e+00 -1.934895833333333925e+00
4.000000000000000000e+00 -4.074074074074074403e+00 4.000000000000000000e+00 -2.812500000000000000e+00
4.000000000000000000e+00 -4.111111111111110716e+00 5.000000000000000000e+00 -1.843750000000000000e+00
4.666666666666666963e+00 -3.271604938271604368e+00 2.000000000000000000e+00 -4.697916666666666963e+00
4.000000000000000000e+00 -3.768518518518518157e+00 2.500000000000000000e+00 -4.184895833333333925e+00
1.600000000000000000e+01 7.925925925925925597e+00 1.600000000000000000e+01 9.187500000000000000e+00
1.050000000000000000e+01 2.388888888888889284e+00 4.000000000000000000e+00 -2.843750000000000000e+00
6.666666666666666963e+00 -1.271604938271604368e+00 2.333333333333333481e+00 -4.364583333333333925e+00
6.250000000000000000e+00 -1.518518518518518157e+00 2.750000000000000000e+00 -3.934895833333333925e+00
1.200000000000000000e+01 3.925925925925925597e+00 1.200000000000000000e+01 5.187500000000000000e+00
9.000000000000000000e+00 8.888888888888892836e-01 9.500000000000000000e+00 2.656250000000000000e+00
6.666666666666666963e+00 -1.271604938271604368e+00 8.000000000000000000e+00 1.302083333333333037e+00
6.000000000000000000e+00 -1.768518518518518157e+00 4.750000000000000000e+00 -1.934895833333333925e+00
1.800000000000000000e+01 9.925925925925925597e+00 1.800000000000000000e+01 1.118750000000000000e+01
1.150000000000000000e+01 3.388888888888889284e+00 4.000000000000000000e+00 -2.843750000000000000e+00
1.000000000000000000e+01 2.061728395061728669e+00 9.333333333333333925e+00 2.635416666666666963e+00
8.500000000000000000e+00 7.314814814814818433e-01 7.000000000000000000e+00 3.151041666666660745e-01
1.600000000000000000e+01 7.925925925925925597e+00 1.600000000000000000e+01 9.187500000000000000e+00
9.500000000000000000e+00 1.388888888888889284e+00 7.500000000000000000e+00 6.562500000000000000e-01
8.666666666666666075e+00 7.283950617283947437e-01 8.666666666666666075e+00 1.968749999999999112e+00
8.000000000000000000e+00 -7.407407407407440303e-02 8.000000000000000000e+00 1.187500000000000000e+00
1.100000000000000000e+01 2.888888888888889284e+00 1.050000000000000000e+01 3.656250000000000000e+00
9.666666666666666075e+00 1.728395061728394744e+00 5.000000000000000000e+00 -1.697916666666666963e+00
1.500000000000000000e+01 6.925925925925925597e+00 1.500000000000000000e+01 8.187500000000000000e+00
9.500000000000000000e+00 1.388888888888889284e+00 6.500000000000000000e+00 -3.437500000000000000e-01
9.000000000000000000e+00 1.061728395061728669e+00 8.000000000000000000e+00 1.302083333333333037e+00
9.000000000000000000e+00 1.231481481481481843e+00 1.000000000000000000e+01 3.315104166666666075e+00
1.300000000000000000e+01 4.925925925925925597e+00 1.300000000000000000e+01 6.187500000000000000e+00
1.000000000000000000e+01 1.888888888888889284e+00 1.150000000000000000e+01 4.656250000000000000e+00
1.166666666666666607e+01 3.728395061728394744e+00 5.000000000000000000e+00 -1.697916666666666963e+00
1.000000000000000000e+01 2.231481481481481843e+00 8.250000000000000000e+00 1.565104166666666075e+00
2.000000000000000000e+00 -6.074074074074074403e+00 2.000000000000000000e+00 -4.812500000000000000e+00
2.000000000000000000e+00 -6.111111111111110716e+00 1.000000000000000000e+00 -5.843750000000000000e+00
5.000000000000000000e+00 -2.938271604938271331e+00 8.666666666666666075e+00 1.968749999999999112e+00
4.250000000000000000e+00 -3.518518518518518157e+00 7.000000000000000000e+00 3.151041666666660745e-01
1.000000000000000000e+01 1.925925925925925597e+00 1.000000000000000000e+01 3.187500000000000000e+00
6.500000000000000000e+00 -1.611111111111110716e+00 1.500000000000000000e+00 -5.343750000000000000e+00
6.666666666666666963e+00 -1.271604938271604368e+00 4.333333333333333037e+00 -2.364583333333333925e+00
3.000000000000000000e+00 -5.074074074074074403e+00 3.000000000000000000e+00 -3.812500000000000000e+00
8.500000000000000000e+00 3.888888888888892836e-01 1.150000000000000000e+01 4.656250000000000000e+00
9.333333333333333925e+00 1.395061728395062595e+00 1.000000000000000000e+01 3.302083333333333037e+00
8.750000000000000000e+00 9.814814814814818433e-01 5.500000000000000000e+00 -1.184895833333333925e+00
1.000000000000000000e+01 1.925925925925925597e+00 1.000000000000000000e+01 3.187500000000000000e+00
1.200000000000000000e+01 3.888888888888889284e+00 1.100000000000000000e+01 4.156250000000000000e+00
1.133333333333333393e+01 3.395061728395062595e+00 1.033333333333333393e+01 3.635416666666666963e+00
9.000000000000000000e+00 1.231481481481481843e+00 6.500000000000000000e+00 -1.848958333333339255e-01
0.000000000000000000e+00 -8.074074074074074403e+00 0.000000000000000000e+00 -6.812500000000000000e+00
6.000000000000000000e+00 -2.111111111111110716e+00 6.000000000000000000e+00 -8.437500000000000000e-01
7.666666666666666963e+00 -2.716049382716043681e-01 8.333333333333333925e+00 1.635416666666666963e+00
6.250000000000000000e+00 -1.518518518518518157e+00 1.750000000000000000e+00 -4.934895833333333925e+00
9.000000000000000000e+00 9.259259259259255970e-01 9.000000000000000000e+00 2.187500000000000000e+00
8.500000000000000000e+00 3.888888888888892836e-01 1.300000000000000000e+01 6.156250000000000000e+00
6.000000000000000000e+00 -1.938271604938271331e+00 8.000000000000000000e+00 1.302083333333333037e+00
1.300000000000000000e+01 4.925925925925925597e+00 1.300000000000000000e+01 6.187500000000000000e+00
6.500000000000000000e+00 -1.611111111111110716e+00 7.500000000000000000e+00 6.562500000000000000e-01
7.666666666666666963e+00 -2.716049382716043681e-01 1.200000000000000000e+01 5.302083333333333037e+00
1.000000000000000000e+01 2.231481481481481843e+00 8.000000000000000000e+00 1.315104166666666075e+00
5.000000000000000000e+00 -3.074074074074074403e+00 5.000000000000000000e+00 -1.812500000000000000e+00
1.000000000000000000e+01 1.888888888888889284e+00 9.500000000000000000e+00 2.656250000000000000e+00
9.333333333333333925e+00 1.395061728395062595e+00 7.000000000000000000e+00 3.020833333333330373e-01
1.075000000000000000e+01 2.981481481481481843e+00 1.075000000000000000e+01 4.065104166666666075e+00
9.000000000000000000e+00 9.259259259259255970e-01 9.000000000000000000e+00 2.187500000000000000e+00
6.500000000000000000e+00 -1.611111111111110716e+00 4.500000000000000000e+00 -2.343750000000000000e+00
7.666666666666666963e+00 -2.716049382716043681e-01 8.333333333333333925e+00 1.635416666666666963e+00
7.000000000000000000e+00 -7.685185185185181567e-01 5.750000000000000000e+00 -9.348958333333339255e-01
5.000000000000000000e+00 -3.074074074074074403e+00 5.000000000000000000e+00 -1.812500000000000000e+00
1.200000000000000000e+01 3.888888888888889284e+00 9.500000000000000000e+00 2.656250000000000000e+00
1.166666666666666607e+01 3.728395061728394744e+00 8.000000000000000000e+00 1.302083333333333037e+00
1.125000000000000000e+01 3.481481481481481843e+00 1.150000000000000000e+01 4.815104166666666075e+00
6.000000000000000000e+00 -2.074074074074074403e+00 6.000000000000000000e+00 -8.125000000000000000e-01
9.000000000000000000e+00 8.888888888888892836e-01 1.050000000000000000e+01 3.656250000000000000e+00
7.666666666666666963e+00 -2.716049382716043681e-01 1.666666666666666741e+00 -5.031250000000000000e+00
9.750000000000000000e+00 1.981481481481481843e+00 9.250000000000000000e+00 2.565104166666666075e+00
3.000000000000000000e+00 -5.074074074074074403e+00 3.000000000000000000e+00 -3.812500000000000000e+00
5.500000000000000000e+00 -2.611111111111110716e+00 1.050000000000000000e+01 3.656250000000000000e+00
4.000000000000000000e+00 -3.938271604938271331e+00 2.666666666666666519e+00 -4.031250000000000000e+00
7.250000000000000000e+00 -5.185185185185181567e-01 1.050000000000000000e+01 3.815104166666666075e+00
