1.200000000000000000e+01 7.380952380952381375e+00 1.900000000000000000e+01 -8.500000000000000000e+00
1.150000000000000000e+01 7.010204081632653406e+00 1.900000000000000000e+01 -9.125000000000000000e+00
1.033333333333333393e+01 6.029478458049886136e+00 2.166666666666666785e+01 -6.895833333333332149e+00
1.000000000000000000e+01 5.751700680272108457e+00 1.775000000000000000e+01 -1.002864583333333215e+01
0.000000000000000000e+00 -4.619047619047618625e+00 2.000000000000000000e+01 -7.500000000000000000e+00
0.000000000000000000e+00 -4.489795918367346594e+00 1.800000000000000000e+01 -1.012500000000000000e+01
0.000000000000000000e+00 -4.303854875283447790e+00 1.933333333333333215e+01 -9.229166666666667851e+00
5.000000000000000000e-01 -3.748299319727891543e+00 1.625000000000000000e+01 -1.152864583333333215e+01
3.000000000000000000e+00 -1.619047619047618625e+00 1.400000000000000000e+01 -1.350000000000000000e+01
4.000000000000000000e+00 -4.897959183673465944e-01 2.200000000000000000e+01 -6.125000000000000000e+00
5.000000000000000000e+00 6.961451247165522105e-01 2.133333333333333215e+01 -7.229166666666667851e+00
6.000000000000000000e+00 1.751700680272108457e+00 2.125000000000000000e+01 -6.528645833333332149e+00
7.599999999999999645e+00 3.344557823129251872e+00 2.519999999999999929e+01 -2.081250000000004263e+00
6.000000000000000000e+00 1.380952380952381375e+00 3.200000000000000000e+01 4.500000000000000000e+00
3.500000000000000000e+00 -9.897959183673465944e-01 1.600000000000000000e+01 -1.212500000000000000e+01
2.333333333333333481e+00 -1.970521541950114308e+00 1.700000000000000000e+01 -1.156250000000000000e+01
1.750000000000000000e+00 -2.498299319727891543e+00 1.400000000000000000e+01 -1.377864583333333215e+01
1.399999999999999911e+00 -2.855442176870747861e+00 1.900000000000000000e+01 -8.281250000000003553e+00
2.000000000000000000e+00 -2.619047619047618625e+00 1.500000000000000000e+01 -1.250000000000000000e+01
4.000000000000000000e+00 -4.897959183673465944e-01 1.700000000000000000e+01 -1.112500000000000000e+01
3.666666666666666519e+00 -6.371882086167812709e-01 2.666666666666666785e+01 -1.895833333333332149e+00
4.500000000000000000e+00 2.517006802721084568e-01 2.125000000000000000e+01 -6.528645833333332149e+00
5.200000000000000178e+00 9.445578231292524052e-01 2.725000000000000000e+01 -3.125000000000355271e-02
3.000000000000000000e+00 -1.619047619047618625e+00 1.600000000000000000e+01 -1.150000000000000000e+01
4.000000000000000000e+00 -4.897959183673465944e-01 2.350000000000000000e+01 -4.625000000000000000e+00
3.000000000000000000e+00 -1.303854875283447790e+00 2.133333333333333215e+01 -7.229166666666667851e+00
5.500000000000000000e+00 1.251700680272108457e+00 2.700000000000000000e+01 -7.786458333333321491e-01
4.799999999999999822e+00 5.445578231292520499e-01 2.360000000000000142e+01 -3.681250000000002132e+00
0.000000000000000000e+00 -4.619047619047618625e+00 2.600000000000000000e+01 -1.500000000000000000e+00
0.000000000000000000e+00 -4.489795918367346594e+00 1.400000000000000000e+01 -1.412500000000000000e+01
0.000000000000000000e+00 -4.303854875283447790e+00 1.733333333333333215e+01 -1.122916666666666785e+01
0.000000000000000000e+00 -4.248299319727891543e+00 2.325000000000000000e+01 -4.528645833333332149e+00
0.000000000000000000e+00 -4.255442176870747772e+00 1.240000000000000036e+01 -1.488125000000000320e+01
0.000000000000000000e+00 -4.619047619047618625e+00 3.700000000000000000e+01 9.500000000000000000e+00
0.000000000000000000e+00 -4.489795918367346594e+00 1.350000000000000000e+01 -1.462500000000000000e+01
1.666666666666666741e+00 -2.637188208616780827e+00 1.866666666666666785e+01 -9.895833333333332149e+00
1.250000000000000000e+00 -2.998299319727891543e+00 2.600000000000000000e+01 -1.778645833333332149e+00
1.000000000000000000e+00 -3.255442176870747772e+00 2.039999999999999858e+01 -6.881250000000004974e+00
0.000000000000000000e+00 -4.619047619047618625e+00 1.500000000000000000e+01 -1.250000000000000000e+01
0.000000000000000000e+00 -4.489795918367346594e+00 1.700000000000000000e+01 -1.112500000000000000e+01
0.000000000000000000e+00 -4.303854875283447790e+00 2.666666666666666785e+01 -1.895833333333332149e+00
0.000000000000000000e+00 -4.248299319727891543e+00 2.125000000000000000e+01 -6.528645833333332149e+00
0.000000000000000000e+00 -4.255442176870747772e+00 2.725000000000000000e+01 -3.125000000000355271e-02
0.000000000000000000e+00 -4.619047619047618625e+00 1.400000000000000000e+01 -1.350000000000000000e+01
0.000000000000000000e+00 -4.489795918367346594e+00 2.200000000000000000e+01 -6.125000000000000000e+00
0.000000000000000000e+00 -4.303854875283447790e+00 2.133333333333333215e+01 -7.229166666666667851e+00
0.000000000000000000e+00 -4.248299319727891543e+00 2.125000000000000000e+01 -6.528645833333332149e+00
0.000000000000000000e+00 -4.255442176870747772e+00 2.519999999999999929e+01 -2.081250000000004263e+00
0.000000000000000000e+00 -4.619047619047618625e+00 1.600000000000000000e+01 -1.150000000000000000e+01
0.000000000000000000e+00 -4.489795918367346594e+00 2.350000000000000000e+01 -4.625000000000000000e+00
0.000000000000000000e+00 -4.303854875283447790e+00 2.133333333333333215e+01 -7.229166666666667851e+00
0.000000000000000000e+00 -4.248299319727891543e+00 2.700000000000000000e+01 -7.786458333333321491e-01
0.000000000000000000e+00 -4.255442176870747772e+00 2.360000000000000142e+01 -3.681250000000002132e+00
7.000000000000000000e+00 2.380952380952381375e+00 2.000000000000000000e+01 -7.500000000000000000e+00
5.500000000000000000e+00 1.010204081632653406e+00 2.700000000000000000e+01 -1.125000000000000000e+00
7.333333333333333037e+00 3.029478458049885248e+00 2.600000000000000000e+01 -2.562500000000000000e+00
8.000000000000000000e+00 3.751700680272108457e+00 1.875000000000000000e+01 -9.028645833333332149e+00
9.400000000000000355e+00 5.144557823129252583e+00 2.239999999999999858e+01 -4.881250000000004974e+00
1.900000000000000000e+01 1.438095238095238138e+01 2.500000000000000000e+01 -2.500000000000000000e+00
9.500000000000000000e+00 5.010204081632653406e+00 2.550000000000000000e+01 -2.625000000000000000e+00
9.666666666666666075e+00 5.362811791383218285e+00 1.600000000000000000e+01 -1.256250000000000000e+01
1.025000000000000000e+01 5.994557823129252228e+00 1.919999999999999929e+01 -8.081250000000004263e+00
9.000000000000000000e+00 4.380952380952381375e+00 2.000000000000000000e+01 -7.500000000000000000e+00
4.500000000000000000e+00 1.020408163265340562e-02 2.950000000000000000e+01 1.375000000000000000e+00
4.333333333333333037e+00 2.947845804988524776e-02 2.300000000000000000e+01 -5.562500000000000000e+00
7.250000000000000000e+00 2.994557823129252228e+00 2.180000000000000071e+01 -5.481250000000002842e+00
1.500000000000000000e+01 1.038095238095238138e+01 2.600000000000000000e+01 -1.500000000000000000e+00
9.500000000000000000e+00 5.010204081632653406e+00 1.300000000000000000e+01 -1.512500000000000000e+01
1.200000000000000000e+01 7.696145124716552210e+00 1.733333333333333215e+01 -1.122916666666666785e+01
1.225000000000000000e+01 8.001700680272108457e+00 2.400000000000000000e+01 -3.778645833333332149e+00
1.000000000000000000e+01 5.744557823129252228e+00 2.319999999999999929e+01 -4.081250000000004263e+00
1.000000000000000000e+00 -3.619047619047618625e+00 2.600000000000000000e+01 -1.500000000000000000e+00
5.000000000000000000e-01 -3.989795918367346594e+00 1.400000000000000000e+01 -1.412500000000000000e+01
3.333333333333333148e-01 -3.970521541950114308e+00 1.733333333333333215e+01 -1.122916666666666785e+01
2.500000000000000000e-01 -3.998299319727891543e+00 2.325000000000000000e+01 -4.528645833333332149e+00
4.000000000000000222e-01 -3.855442176870747861e+00 1.240000000000000036e+01 -1.488125000000000320e+01
7.000000000000000000e+00 2.380952380952381375e+00 1.200000000000000000e+01 -1.550000000000000000e+01
9.500000000000000000e+00 5.010204081632653406e+00 1.800000000000000000e+01 -1.012500000000000000e+01
6.666666666666666963e+00 2.362811791383219173e+00 1.700000000000000000e+01 -1.156250000000000000e+01
7.500000000000000000e+00 3.251700680272108457e+00 1.275000000000000000e+01 -1.502864583333333215e+01
6.000000000000000000e+00 1.744557823129252228e+00 1.180000000000000071e+01 -1.548125000000000284e+01
0.000000000000000000e+00 -4.619047619047618625e+00 3.700000000000000000e+01 9.500000000000000000e+00
0.000000000000000000e+00 -4.489795918367346594e+00 1.350000000000000000e+01 -1.462500000000000000e+01
0.000000000000000000e+00 -4.303854875283447790e+00 1.866666666666666785e+01 -9.895833333333332149e+00
5.000000000000000000e-01 -3.748299319727891543e+00 2.600000000000000000e+01 -1.778645833333332149e+00
4.000000000000000222e-01 -3.855442176870747861e+00 2.039999999999999858e+01 -6.881250000000004974e+00
0.000000000000000000e+00 -4.619047619047618625e+00 2.800000000000000000e+01 5.000000000000000000e-01
0.000000000000000000e+00 -4.489795918367346594e+00 3.400000000000000000e+01 5.875000000000000000e+00
0.000000000000000000e+00 -4.303854875283447790e+00 1.166666666666666607e+01 -1.689583333333333570e+01
0.000000000000000000e+00 -4.248299319727891543e+00 2.425000000000000000e+01 -3.528645833333332149e+00
2.000000000000000111e-01 -4.055442176870747595e+00 2.460000000000000142e+01 -2.681250000000002132e+00
9.000000000000000000e+00 4.380952380952381375e+00 1.200000000000000000e+01 -1.550000000000000000e+01
8.500000000000000000e+00 4.010204081632653406e+00 1.800000000000000000e+01 -1.012500000000000000e+01
7.000000000000000000e+00 2.696145124716552210e+00 1.700000000000000000e+01 -1.156250000000000000e+01
5.250000000000000000e+00 1.001700680272108457e+00 1.275000000000000000e+01 -1.502864583333333215e+01
4.599999999999999645e+00 3.445578231292518723e-01 1.180000000000000071e+01 -1.548125000000000284e+01
0.000000000000000000e+00 -4.619047619047618625e+00 1.500000000000000000e+01 -1.250000000000000000e+01
0.000000000000000000e+00 -4.489795918367346594e+00 2.100000000000000000e+01 -7.125000000000000000e+00
0.000000000000000000e+00 -4.303854875283447790e+00 1.666666666666666785e+01 -1.189583333333333215e+01
5.000000000000000000e-01 -3.755442176870747772e+00 2.780000000000000071e+01 5.187499999999971578e-01
0.000000000000000000e+00 -4.619047619047618625e+00 2.300000000000000000e+01 -4.500000000000000000e+00
0.000000000000000000e+00 -4.489795918367346594e+00 1.350000000000000000e+01 -1.462500000000000000e+01
0.000000000000000000e+00 -4.303854875283447790e+00 2.533333333333333215e+01 -3.229166666666667851e+00
0.000000000000000000e+00 -4.248299319727891543e+00 2.050000000000000000e+01 -7.278645833333332149e+00
0.000000000000000000e+00 -4.255442176870747772e+00 1.500000000000000000e+01 -1.228125000000000355e+01
0.000000000000000000e+00 -4.619047619047618625e+00 2.300000000000000000e+01 -4.500000000000000000e+00
0.000000000000000000e+00 -4.489795918367346594e+00 1.350000000000000000e+01 -1.462500000000000000e+01
3.666666666666666519e+00 -6.371882086167812709e-01 2.533333333333333215e+01 -3.229166666666667851e+00
3.000000000000000000e+00 -1.248299319727891543e+00 2.050000000000000000e+01 -7.278645833333332149e+00
2.399999999999999911e+00 -1.855442176870747861e+00 1.500000000000000000e+01 -1.228125000000000355e+01
0.000000000000000000e+00 -4.619047619047618625e+00 2.400000000000000000e+01 -3.500000000000000000e+00
1.000000000000000000e+00 -3.489795918367346594e+00 1.200000000000000000e+01 -1.612500000000000000e+01
6.666666666666666297e-01 -3.637188208616781271e+00 1.833333333333333215e+01 -1.022916666666666785e+01
5.000000000000000000e-01 -3.748299319727891543e+00 1.425000000000000000e+01 -1.352864583333333215e+01
4.000000000000000222e-01 -3.855442176870747861e+00 2.325000000000000000e+01 -4.031250000000003553e+00
0.000000000000000000e+00 -4.619047619047618625e+00 1.900000000000000000e+01 -8.500000000000000000e+00
0.000000000000000000e+00 -4.489795918367346594e+00 2.050000000000000000e+01 -7.625000000000000000e+00
0.000000000000000000e+00 -4.303854875283447790e+00 1.733333333333333215e+01 -1.122916666666666785e+01
0.000000000000000000e+00 -4.255442176870747772e+00 2.160000000000000142e+01 -5.681250000000002132e+00
0.000000000000000000e+00 -4.619047619047618625e+00 1.900000000000000000e+01 -8.500000000000000000e+00
0.000000000000000000e+00 -4.489795918367346594e+00 2.050000000000000000e+01 -7.625000000000000000e+00
0.000000000000000000e+00 -4.303854875283447790e+00 1.733333333333333215e+01 -1.122916666666666785e+01
0.000000000000000000e+00 -4.255442176870747772e+00 2.160000000000000142e+01 -5.681250000000002132e+00
3.000000000000000000e+00 -1.619047619047618625e+00 2.600000000000000000e+01 -1.500000000000000000e+00
1.500000000000000000e+00 -2.989795918367346594e+00 1.400000000000000000e+01 -1.412500000000000000e+01
1.000000000000000000e+00 -3.303854875283447790e+00 1.733333333333333215e+01 -1.122916666666666785e+01
1.250000000000000000e+00 -2.998299319727891543e+00 2.325000000000000000e+01 -4.528645833333332149e+00
1.000000000000000000e+00 -3.255442176870747772e+00 1.240000000000000036e+01 -1.488125000000000320e+01
0.000000000000000000e+00 -4.619047619047618625e+00 4.000000000000000000e+00 -2.350000000000000000e+01
1.000000000000000000e+00 -3.489795918367346594e+00 1.700000000000000000e+01 -1.112500000000000000e+01
1.666666666666666741e+00 -2.637188208616780827e+00 1.900000000000000000e+01 -9.562500000000000000e+00
1.750000000000000000e+00 -2.498299319727891543e+00 2.350000000000000000e+01 -4.278645833333332149e+00
2.200000000000000178e+00 -2.055442176870747595e+00 2.239999999999999858e+01 -4.881250000000004974e+00
0.000000000000000000e+00 -4.619047619047618625e+00 2.400000000000000000e+01 -3.500000000000000000e+00
0.000000000000000000e+00 -4.489795918367346594e+00 1.200000000000000000e+01 -1.612500000000000000e+01
0.000000000000000000e+00 -4.303854875283447790e+00 1.833333333333333215e+01 -1.022916666666666785e+01
0.000000000000000000e+00 -4.248299319727891543e+00 1.425000000000000000e+01 -1.352864583333333215e+01
0.000000000000000000e+00 -4.255442176870747772e+00 2.325000000000000000e+01 -4.031250000000003553e+00
0.000000000000000000e+00 -4.619047619047618625e+00 4.000000000000000000e+01 1.250000000000000000e+01
0.000000000000000000e+00 -4.489795918367346594e+00 2.350000000000000000e+01 -4.625000000000000000e+00
2.000000000000000000e+00 -2.303854875283447790e+00 3.333333333333333570e+01 4.770833333333335702e+00
1.500000000000000000e+00 -2.748299319727891543e+00 2.350000000000000000e+01 -4.278645833333332149e+00
1.199999999999999956e+00 -3.055442176870747595e+00 1.960000000000000142e+01 -7.681250000000002132e+00
3.000000000000000000e+00 -1.619047619047618625e+00 2.000000000000000000e+01 -7.500000000000000000e+00
1.500000000000000000e+00 -2.989795918367346594e+00 1.800000000000000000e+01 -1.012500000000000000e+01
1.333333333333333259e+00 -2.970521541950114752e+00 1.933333333333333215e+01 -9.229166666666667851e+00
1.000000000000000000e+00 -3.248299319727891543e+00 1.625000000000000000e+01 -1.152864583333333215e+01
3.000000000000000000e+00 -1.619047619047618625e+00 2.600000000000000000e+01 -1.500000000000000000e+00
4.500000000000000000e+00 1.020408163265340562e-02 1.300000000000000000e+01 -1.512500000000000000e+01
3.000000000000000000e+00 -1.303854875283447790e+00 1.733333333333333215e+01 -1.122916666666666785e+01
4.250000000000000000e+00 1.700680272108456847e-03 2.400000000000000000e+01 -3.778645833333332149e+00
4.200000000000000178e+00 -5.544217687074759482e-02 2.319999999999999929e+01 -4.081250000000004263e+00
0.000000000000000000e+00 -4.619047619047618625e+00 1.300000000000000000e+01 -1.450000000000000000e+01
0.000000000000000000e+00 -4.489795918367346594e+00 1.700000000000000000e+01 -1.112500000000000000e+01
0.000000000000000000e+00 -4.303854875283447790e+00 1.466666666666666607e+01 -1.389583333333333393e+01
0.000000000000000000e+00 -4.248299319727891543e+00 2.025000000000000000e+01 -7.528645833333332149e+00
8.000000000000000444e-01 -3.455442176870747950e+00 1.359999999999999964e+01 -1.368125000000000391e+01
0.000000000000000000e+00 -4.619047619047618625e+00 1.400000000000000000e+01 -1.350000000000000000e+01
0.000000000000000000e+00 -4.489795918367346594e+00 2.200000000000000000e+01 -6.125000000000000000e+00
0.000000000000000000e+00 -4.303854875283447790e+00 2.133333333333333215e+01 -7.229166666666667851e+00
7.500000000000000000e-01 -3.498299319727891543e+00 2.125000000000000000e+01 -6.528645833333332149e+00
5.999999999999999778e-01 -3.655442176870747684e+00 2.519999999999999929e+01 -2.081250000000004263e+00
0.000000000000000000e+00 -4.619047619047618625e+00 2.300000000000000000e+01 -4.500000000000000000e+00
0.000000000000000000e+00 -4.489795918367346594e+00 2.550000000000000000e+01 -2.625000000000000000e+00
0.000000000000000000e+00 -4.303854875283447790e+00 2.766666666666666785e+01 -8.958333333333321491e-01
0.000000000000000000e+00 -4.255442176870747772e+00 1.425000000000000000e+01 -1.303125000000000355e+01
0.000000000000000000e+00 -4.619047619047618625e+00 1.300000000000000000e+01 -1.450000000000000000e+01
0.000000000000000000e+00 -4.489795918367346594e+00 2.300000000000000000e+01 -5.125000000000000000e+00
2.000000000000000000e+00 -2.303854875283447790e+00 2.533333333333333215e+01 -3.229166666666667851e+00
2.750000000000000000e+00 -1.505442176870747772e+00 2.750000000000000000e+01 2.187499999999964473e-01
0.000000000000000000e+00 -4.619047619047618625e+00 1.900000000000000000e+01 -8.500000000000000000e+00
0.000000000000000000e+00 -4.489795918367346594e+00 1.900000000000000000e+01 -9.125000000000000000e+00
3.333333333333333148e-01 -3.970521541950114308e+00 2.166666666666666785e+01 -6.895833333333332149e+00
7.500000000000000000e-01 -3.498299319727891543e+00 1.775000000000000000e+01 -1.002864583333333215e+01
1.500000000000000000e+01 1.038095238095238138e+01 2.100000000000000000e+01 -6.500000000000000000e+00
1.250000000000000000e+01 8.010204081632654294e+00 1.200000000000000000e+01 -1.612500000000000000e+01
1.533333333333333393e+01 1.102947845804988702e+01 2.466666666666666785e+01 -3.895833333333332149e+00
1.275000000000000000e+01 8.501700680272108457e+00 2.350000000000000000e+01 -4.278645833333332149e+00
1.280000000000000071e+01 8.544557823129252938e+00 2.550000000000000000e+01 -1.781250000000003553e+00
9.000000000000000000e+00 4.380952380952381375e+00 3.700000000000000000e+01 9.500000000000000000e+00
7.000000000000000000e+00 2.510204081632653406e+00 1.350000000000000000e+01 -1.462500000000000000e+01
6.333333333333333037e+00 2.029478458049885248e+00 1.866666666666666785e+01 -9.895833333333332149e+00
7.500000000000000000e+00 3.251700680272108457e+00 2.600000000000000000e+01 -1.778645833333332149e+00
9.800000000000000711e+00 5.544557823129252938e+00 2.039999999999999858e+01 -6.881250000000004974e+00
1.100000000000000000e+01 6.380952380952381375e+00 2.300000000000000000e+01 -4.500000000000000000e+00
6.000000000000000000e+00 1.510204081632653406e+00 2.550000000000000000e+01 -2.625000000000000000e+00
7.666666666666666963e+00 3.362811791383219173e+00 2.766666666666666785e+01 -8.958333333333321491e-01
5.750000000000000000e+00 1.494557823129252228e+00 1.425000000000000000e+01 -1.303125000000000355e+01
0.000000000000000000e+00 -4.619047619047618625e+00 1.400000000000000000e+01 -1.350000000000000000e+01
0.000000000000000000e+00 -4.489795918367346594e+00 1.600000000000000000e+01 -1.212500000000000000e+01
0.000000000000000000e+00 -4.303854875283447790e+00 2.033333333333333215e+01 -8.229166666666667851e+00
2.500000000000000000e-01 -3.998299319727891543e+00 2.500000000000000000e+01 -2.778645833333332149e+00
2.000000000000000111e-01 -4.055442176870747595e+00 2.100000000000000000e+01 -6.281250000000003553e+00
3.000000000000000000e+00 -1.619047619047618625e+00 1.300000000000000000e+01 -1.450000000000000000e+01
1.500000000000000000e+00 -2.989795918367346594e+00 1.700000000000000000e+01 -1.112500000000000000e+01
1.333333333333333259e+00 -2.970521541950114752e+00 1.466666666666666607e+01 -1.389583333333333393e+01
4.500000000000000000e+00 2.517006802721084568e-01 2.025000000000000000e+01 -7.528645833333332149e+00
3.600000000000000089e+00 -6.554421768707476836e-01 1.359999999999999964e+01 -1.368125000000000391e+01
8.000000000000000000e+00 3.380952380952381375e+00 2.800000000000000000e+01 5.000000000000000000e-01
1.700000000000000000e+01 1.251020408163265429e+01 3.400000000000000000e+01 5.875000000000000000e+00
1.300000000000000000e+01 8.696145124716551322e+00 1.166666666666666607e+01 -1.689583333333333570e+01
1.525000000000000000e+01 1.100170068027210846e+01 2.425000000000000000e+01 -3.528645833333332149e+00
1.459999999999999964e+01 1.034455782312925187e+01 2.460000000000000142e+01 -2.681250000000002132e+00
9.000000000000000000e+00 4.380952380952381375e+00 2.600000000000000000e+01 -1.500000000000000000e+00
4.500000000000000000e+00 1.020408163265340562e-02 1.950000000000000000e+01 -8.625000000000000000e+00
5.666666666666666963e+00 1.362811791383219173e+00 2.000000000000000000e+01 -8.562500000000000000e+00
5.500000000000000000e+00 1.251700680272108457e+00 1.600000000000000000e+01 -1.177864583333333215e+01
5.599999999999999645e+00 1.344557823129251872e+00 2.880000000000000071e+01 1.518749999999997158e+00
1.000000000000000000e+00 -3.619047619047618625e+00 2.500000000000000000e+01 -2.500000000000000000e+00
3.000000000000000000e+00 -1.489795918367346594e+00 2.550000000000000000e+01 -2.625000000000000000e+00
2.333333333333333481e+00 -1.970521541950114308e+00 1.600000000000000000e+01 -1.256250000000000000e+01
1.250000000000000000e+00 -3.005442176870747772e+00 1.919999999999999929e+01 -8.081250000000004263e+00
1.100000000000000000e+01 6.380952380952381375e+00 2.600000000000000000e+01 -1.500000000000000000e+00
6.500000000000000000e+00 2.010204081632653406e+00 1.450000000000000000e+01 -1.362500000000000000e+01
7.333333333333333037e+00 3.029478458049885248e+00 2.500000000000000000e+01 -3.562500000000000000e+00
1.025000000000000000e+01 6.001700680272108457e+00 2.575000000000000000e+01 -2.028645833333332149e+00
1.080000000000000071e+01 6.544557823129252938e+00 2.219999999999999929e+01 -5.081250000000004263e+00
2.000000000000000000e+00 -2.619047619047618625e+00 1.600000000000000000e+01 -1.150000000000000000e+01
4.000000000000000000e+00 -4.897959183673465944e-01 2.350000000000000000e+01 -4.625000000000000000e+00
8.000000000000000000e+00 3.696145124716552210e+00 2.133333333333333215e+01 -7.229166666666667851e+00
1.150000000000000000e+01 7.251700680272108457e+00 2.700000000000000000e+01 -7.786458333333321491e-01
1.000000000000000000e+01 5.744557823129252228e+00 2.360000000000000142e+01 -3.681250000000002132e+00
0.000000000000000000e+00 -4.619047619047618625e+00 1.000000000000000000e+01 -1.750000000000000000e+01
5.000000000000000000e-01 -3.989795918367346594e+00 1.500000000000000000e+01 -1.312500000000000000e+01
3.333333333333333148e-01 -3.970521541950114308e+00 1.300000000000000000e+01 -1.556250000000000000e+01
2.500000000000000000e-01 -3.998299319727891543e+00 1.750000000000000000e+01 -1.027864583333333215e+01
2.000000000000000111e-01 -4.055442176870747595e+00 2.060000000000000142e+01 -6.681250000000002132e+00
0.000000000000000000e+00 -4.619047619047618625e+00 2.600000000000000000e+01 -1.500000000000000000e+00
0.000000000000000000e+00 -4.489795918367346594e+00 1.400000000000000000e+01 -1.412500000000000000e+01
3.333333333333333148e-01 -3.970521541950114308e+00 1.733333333333333215e+01 -1.122916666666666785e+01
1.000000000000000000e+00 -3.248299319727891543e+00 2.325000000000000000e+01 -4.528645833333332149e+00
8.000000000000000444e-01 -3.455442176870747950e+00 1.240000000000000036e+01 -1.488125000000000320e+01
7.000000000000000000e+00 2.380952380952381375e+00 1.500000000000000000e+01 -1.250000000000000000e+01
4.000000000000000000e+00 -4.897959183673465944e-01 1.700000000000000000e+01 -1.112500000000000000e+01
9.000000000000000000e+00 4.696145124716552210e+00 2.666666666666666785e+01 -1.895833333333332149e+00
7.250000000000000000e+00 3.001700680272108457e+00 2.125000000000000000e+01 -6.528645833333332149e+00
6.200000000000000178e+00 1.944557823129252405e+00 2.725000000000000000e+01 -3.125000000000355271e-02
0.000000000000000000e+00 -4.619047619047618625e+00 2.500000000000000000e+01 -2.500000000000000000e+00
0.000000000000000000e+00 -4.489795918367346594e+00 2.550000000000000000e+01 -2.625000000000000000e+00
0.000000000000000000e+00 -4.303854875283447790e+00 1.600000000000000000e+01 -1.256250000000000000e+01
0.000000000000000000e+00 -4.255442176870747772e+00 1.919999999999999929e+01 -8.081250000000004263e+00
3.000000000000000000e+00 -1.619047619047618625e+00 2.900000000000000000e+01 1.500000000000000000e+00
5.000000000000000000e-01 -3.989795918367346594e+00 1.900000000000000000e+01 -9.125000000000000000e+00
6.666666666666666297e-01 -3.637188208616781271e+00 1.733333333333333215e+01 -1.122916666666666785e+01
5.000000000000000000e-01 -3.748299319727891543e+00 3.275000000000000000e+01 4.971354166666667851e+00
8.000000000000000444e-01 -3.455442176870747950e+00 2.419999999999999929e+01 -3.081250000000004263e+00
9.000000000000000000e+00 4.380952380952381375e+00 2.200000000000000000e+01 -5.500000000000000000e+00
5.500000000000000000e+00 1.010204081632653406e+00 2.050000000000000000e+01 -7.625000000000000000e+00
5.666666666666666963e+00 1.362811791383219173e+00 2.133333333333333215e+01 -7.229166666666667851e+00
8.500000000000000000e+00 4.251700680272108457e+00 1.925000000000000000e+01 -8.528645833333332149e+00
8.199999999999999289e+00 3.944557823129251517e+00 2.239999999999999858e+01 -4.881250000000004974e+00
0.000000000000000000e+00 -4.619047619047618625e+00 3.200000000000000000e+01 4.500000000000000000e+00
0.000000000000000000e+00 -4.489795918367346594e+00 1.600000000000000000e+01 -1.212500000000000000e+01
0.000000000000000000e+00 -4.303854875283447790e+00 1.700000000000000000e+01 -1.156250000000000000e+01
0.000000000000000000e+00 -4.248299319727891543e+00 1.400000000000000000e+01 -1.377864583333333215e+01
0.000000000000000000e+00 -4.255442176870747772e+00 1.900000000000000000e+01 -8.281250000000003553e+00
9.000000000000000000e+00 4.380952380952381375e+00 1.900000000000000000e+01 -8.500000000000000000e+00
4.500000000000000000e+00 1.020408163265340562e-02 2.050000000000000000e+01 -7.625000000000000000e+00
6.000000000000000000e+00 1.696145124716552210e+00 1.733333333333333215e+01 -1.122916666666666785e+01
4.500000000000000000e+00 2.445578231292522275e-01 2.160000000000000142e+01 -5.681250000000002132e+00
0.000000000000000000e+00 -4.619047619047618625e+00 1.700000000000000000e+01 -1.050000000000000000e+01
0.000000000000000000e+00 -4.489795918367346594e+00 2.000000000000000000e+01 -8.125000000000000000e+00
1.333333333333333259e+00 -2.970521541950114752e+00 1.666666666666666785e+01 -1.189583333333333215e+01
5.250000000000000000e+00 1.001700680272108457e+00 2.100000000000000000e+01 -6.778645833333332149e+00
4.599999999999999645e+00 3.445578231292518723e-01 1.650000000000000000e+01 -1.078125000000000355e+01
7.000000000000000000e+00 2.380952380952381375e+00 1.300000000000000000e+01 -1.450000000000000000e+01
3.500000000000000000e+00 -9.897959183673465944e-01 1.700000000000000000e+01 -1.112500000000000000e+01
2.666666666666666519e+00 -1.637188208616781271e+00 1.466666666666666607e+01 -1.389583333333333393e+01
2.250000000000000000e+00 -1.998299319727891543e+00 2.025000000000000000e+01 -7.528645833333332149e+00
2.399999999999999911e+00 -1.855442176870747861e+00 1.359999999999999964e+01 -1.368125000000000391e+01
1.400000000000000000e+01 9.380952380952381375e+00 2.300000000000000000e+01 -4.500000000000000000e+00
1.100000000000000000e+01 6.510204081632653406e+00 1.350000000000000000e+01 -1.462500000000000000e+01
1.100000000000000000e+01 6.696145124716552210e+00 2.533333333333333215e+01 -3.229166666666667851e+00
1.125000000000000000e+01 7.001700680272108457e+00 2.050000000000000000e+01 -7.278645833333332149e+00
1.019999999999999929e+01 5.944557823129251517e+00 1.500000000000000000e+01 -1.228125000000000355e+01
0.000000000000000000e+00 -4.619047619047618625e+00 2.000000000000000000e+01 -7.500000000000000000e+00
0.000000000000000000e+00 -4.489795918367346594e+00 2.700000000000000000e+01 -1.125000000000000000e+00
0.000000000000000000e+00 -4.303854875283447790e+00 2.600000000000000000e+01 -2.562500000000000000e+00
5.000000000000000000e-01 -3.748299319727891543e+00 1.875000000000000000e+01 -9.028645833333332149e+00
4.000000000000000222e-01 -3.855442176870747861e+00 2.239999999999999858e+01 -4.881250000000004974e+00
9.000000000000000000e+00 4.380952380952381375e+00 4.000000000000000000e+01 1.250000000000000000e+01
1.150000000000000000e+01 7.010204081632653406e+00 2.350000000000000000e+01 -4.625000000000000000e+00
1.700000000000000000e+01 1.269614512471655132e+01 3.333333333333333570e+01 4.770833333333335702e+00
1.475000000000000000e+01 1.050170068027210846e+01 2.350000000000000000e+01 -4.278645833333332149e+00
1.380000000000000071e+01 9.544557823129252938e+00 1.960000000000000142e+01 -7.681250000000002132e+00
0.000000000000000000e+00 -4.619047619047618625e+00 1.200000000000000000e+01 -1.550000000000000000e+01
0.000000000000000000e+00 -4.489795918367346594e+00 1.800000000000000000e+01 -1.012500000000000000e+01
0.000000000000000000e+00 -4.303854875283447790e+00 1.700000000000000000e+01 -1.156250000000000000e+01
0.000000000000000000e+00 -4.248299319727891543e+00 1.275000000000000000e+01 -1.502864583333333215e+01
0.000000000000000000e+00 -4.255442176870747772e+00 1.180000000000000071e+01 -1.548125000000000284e+01
0.000000000000000000e+00 -4.619047619047618625e+00 2.600000000000000000e+01 -1.500000000000000000e+00
5.000000000000000000e-01 -3.989795918367346594e+00 1.300000000000000000e+01 -1.512500000000000000e+01
1.666666666666666741e+00 -2.637188208616780827e+00 1.733333333333333215e+01 -1.122916666666666785e+01
2.000000000000000000e+00 -2.248299319727891543e+00 2.400000000000000000e+01 -3.778645833333332149e+00
3.200000000000000178e+00 -1.055442176870747595e+00 2.319999999999999929e+01 -4.081250000000004263e+00
0.000000000000000000e+00 -4.619047619047618625e+00 1.700000000000000000e+01 -1.050000000000000000e+01
5.000000000000000000e-01 -3.989795918367346594e+00 2.000000000000000000e+01 -8.125000000000000000e+00
3.333333333333333148e-01 -3.970521541950114308e+00 1.666666666666666785e+01 -1.189583333333333215e+01
2.500000000000000000e-01 -3.998299319727891543e+00 2.100000000000000000e+01 -6.778645833333332149e+00
4.000000000000000222e-01 -3.855442176870747861e+00 1.650000000000000000e+01 -1.078125000000000355e+01
1.000000000000000000e+00 -3.619047619047618625e+00 2.100000000000000000e+01 -6.500000000000000000e+00
5.000000000000000000e-01 -3.989795918367346594e+00 1.200000000000000000e+01 -1.612500000000000000e+01
6.666666666666666297e-01 -3.637188208616781271e+00 2.466666666666666785e+01 -3.895833333333332149e+00
5.000000000000000000e-01 -3.748299319727891543e+00 2.350000000000000000e+01 -4.278645833333332149e+00
4.000000000000000222e-01 -3.855442176870747861e+00 2.550000000000000000e+01 -1.781250000000003553e+00
2.000000000000000000e+00 -2.619047619047618625e+00 2.300000000000000000e+01 -4.500000000000000000e+00
3.500000000000000000e+00 -9.897959183673465944e-01 2.550000000000000000e+01 -2.625000000000000000e+00
2.666666666666666519e+00 -1.637188208616781271e+00 2.766666666666666785e+01 -8.958333333333321491e-01
3.250000000000000000e+00 -1.005442176870747772e+00 1.425000000000000000e+01 -1.303125000000000355e+01
0.000000000000000000e+00 -4.619047619047618625e+00 1.500000000000000000e+01 -1.250000000000000000e+01
0.000000000000000000e+00 -4.489795918367346594e+00 1.700000000000000000e+01 -1.112500000000000000e+01
0.000000000000000000e+00 -4.303854875283447790e+00 2.666666666666666785e+01 -1.895833333333332149e+00
0.000000000000000000e+00 -4.248299319727891543e+00 2.125000000000000000e+01 -6.528645833333332149e+00
0.000000000000000000e+00 -4.255442176870747772e+00 2.725000000000000000e+01 -3.125000000000355271e-02
1.000000000000000000e+00 -3.619047619047618625e+00 2.000000000000000000e+01 -7.500000000000000000e+00
1.000000000000000000e+00 -3.489795918367346594e+00 2.950000000000000000e+01 1.375000000000000000e+00
3.333333333333333481e+00 -9.705215419501143082e-01 2.300000000000000000e+01 -5.562500000000000000e+00
4.750000000000000000e+00 4.945578231292522275e-01 2.180000000000000071e+01 -5.481250000000002842e+00
0.000000000000000000e+00 -4.619047619047618625e+00 2.000000000000000000e+01 -7.500000000000000000e+00
0.000000000000000000e+00 -4.489795918367346594e+00 2.700000000000000000e+01 -1.125000000000000000e+00
0.000000000000000000e+00 -4.303854875283447790e+00 2.600000000000000000e+01 -2.562500000000000000e+00
0.000000000000000000e+00 -4.248299319727891543e+00 1.875000000000000000e+01 -9.028645833333332149e+00
0.000000000000000000e+00 -4.255442176870747772e+00 2.239999999999999858e+01 -4.881250000000004974e+00
0.000000000000000000e+00 -4.619047619047618625e+00 4.000000000000000000e+00 -2.350000000000000000e+01
0.000000000000000000e+00 -4.489795918367346594e+00 1.700000000000000000e+01 -1.112500000000000000e+01
0.000000000000000000e+00 -4.303854875283447790e+00 1.900000000000000000e+01 -9.562500000000000000e+00
0.000000000000000000e+00 -4.248299319727891543e+00 2.350000000000000000e+01 -4.278645833333332149e+00
0.000000000000000000e+00 -4.255442176870747772e+00 2.239999999999999858e+01 -4.881250000000004974e+00
0.000000000000000000e+00 -4.619047619047618625e+00 1.500000000000000000e+01 -1.250000000000000000e+01
0.000000000000000000e+00 -4.489795918367346594e+00 1.700000000000000000e+01 -1.112500000000000000e+01
0.000000000000000000e+00 -4.303854875283447790e+00 2.666666666666666785e+01 -1.895833333333332149e+00
0.000000000000000000e+00 -4.248299319727891543e+00 2.125000000000000000e+01 -6.528645833333332149e+00
0.000000000000000000e+00 -4.255442176870747772e+00 2.725000000000000000e+01 -3.125000000000355271e-02
2.000000000000000000e+00 -2.619047619047618625e+00 1.900000000000000000e+01 -8.500000000000000000e+00
2.500000000000000000e+00 -1.989795918367346594e+00 1.900000000000000000e+01 -9.125000000000000000e+00
4.333333333333333037e+00 2.947845804988524776e-02 2.166666666666666785e+01 -6.895833333333332149e+00
5.000000000000000000e+00 7.517006802721084568e-01 1.775000000000000000e+01 -1.002864583333333215e+01
0.000000000000000000e+00 -4.619047619047618625e+00 1.900000000000000000e+01 -8.500000000000000000e+00
1.000000000000000000e+00 -3.489795918367346594e+00 1.900000000000000000e+01 -9.125000000000000000e+00
6.666666666666666297e-01 -3.637188208616781271e+00 2.166666666666666785e+01 -6.895833333333332149e+00
1.000000000000000000e+00 -3.248299319727891543e+00 1.775000000000000000e+01 -1.002864583333333215e+01
1.000000000000000000e+01 5.380952380952381375e+00 2.400000000000000000e+01 -3.500000000000000000e+00
6.500000000000000000e+00 2.010204081632653406e+00 1.200000000000000000e+01 -1.612500000000000000e+01
5.666666666666666963e+00 1.362811791383219173e+00 1.833333333333333215e+01 -1.022916666666666785e+01
5.000000000000000000e+00 7.517006802721084568e-01 1.425000000000000000e+01 -1.352864583333333215e+01
8.000000000000000000e+00 3.744557823129252228e+00 2.325000000000000000e+01 -4.031250000000003553e+00
5.000000000000000000e+00 3.809523809523813753e-01 2.600000000000000000e+01 -1.500000000000000000e+00
2.500000000000000000e+00 -1.989795918367346594e+00 1.450000000000000000e+01 -1.362500000000000000e+01
1.666666666666666741e+00 -2.637188208616780827e+00 2.500000000000000000e+01 -3.562500000000000000e+00
1.500000000000000000e+00 -2.748299319727891543e+00 2.575000000000000000e+01 -2.028645833333332149e+00
1.399999999999999911e+00 -2.855442176870747861e+00 2.219999999999999929e+01 -5.081250000000004263e+00
0.000000000000000000e+00 -4.619047619047618625e+00 1.400000000000000000e+01 -1.350000000000000000e+01
0.000000000000000000e+00 -4.489795918367346594e+00 1.600000000000000000e+01 -1.212500000000000000e+01
0.000000000000000000e+00 -4.303854875283447790e+00 2.033333333333333215e+01 -8.229166666666667851e+00
5.000000000000000000e-01 -3.748299319727891543e+00 2.500000000000000000e+01 -2.778645833333332149e+00
1.800000000000000044e+00 -2.455442176870747950e+00 2.100000000000000000e+01 -6.281250000000003553e+00
0.000000000000000000e+00 -4.619047619047618625e+00 4.000000000000000000e+00 -2.350000000000000000e+01
0.000000000000000000e+00 -4.489795918367346594e+00 1.700000000000000000e+01 -1.112500000000000000e+01
0.000000000000000000e+00 -4.303854875283447790e+00 1.900000000000000000e+01 -9.562500000000000000e+00
0.000000000000000000e+00 -4.248299319727891543e+00 2.350000000000000000e+01 -4.278645833333332149e+00
2.000000000000000000e+00 -2.255442176870747772e+00 2.239999999999999858e+01 -4.881250000000004974e+00
2.000000000000000000e+00 -2.619047619047618625e+00 2.000000000000000000e+01 -7.500000000000000000e+00
2.000000000000000000e+00 -2.489795918367346594e+00 2.700000000000000000e+01 -1.125000000000000000e+00
1.333333333333333259e+00 -2.970521541950114752e+00 2.600000000000000000e+01 -2.562500000000000000e+00
1.000000000000000000e+00 -3.248299319727891543e+00 1.875000000000000000e+01 -9.028645833333332149e+00
8.000000000000000444e-01 -3.455442176870747950e+00 2.239999999999999858e+01 -4.881250000000004974e+00
0.000000000000000000e+00 -4.619047619047618625e+00 3.100000000000000000e+01 3.500000000000000000e+00
0.000000000000000000e+00 -4.489795918367346594e+00 1.750000000000000000e+01 -1.062500000000000000e+01
0.000000000000000000e+00 -4.303854875283447790e+00 2.400000000000000000e+01 -4.562500000000000000e+00
0.000000000000000000e+00 -4.248299319727891543e+00 2.175000000000000000e+01 -6.028645833333332149e+00
0.000000000000000000e+00 -4.255442176870747772e+00 1.700000000000000000e+01 -1.028125000000000355e+01
3.000000000000000000e+00 -1.619047619047618625e+00 2.400000000000000000e+01 -3.500000000000000000e+00
3.000000000000000000e+00 -1.489795918367346594e+00 1.200000000000000000e+01 -1.612500000000000000e+01
2.333333333333333481e+00 -1.970521541950114308e+00 1.833333333333333215e+01 -1.022916666666666785e+01
1.750000000000000000e+00 -2.498299319727891543e+00 1.425000000000000000e+01 -1.352864583333333215e+01
1.600000000000000089e+00 -2.655442176870747684e+00 2.325000000000000000e+01 -4.031250000000003553e+00
0.000000000000000000e+00 -4.619047619047618625e+00 1.700000000000000000e+01 -1.050000000000000000e+01
0.000000000000000000e+00 -4.489795918367346594e+00 2.000000000000000000e+01 -8.125000000000000000e+00
0.000000000000000000e+00 -4.303854875283447790e+00 1.666666666666666785e+01 -1.189583333333333215e+01
0.000000000000000000e+00 -4.248299319727891543e+00 2.100000000000000000e+01 -6.778645833333332149e+00
0.000000000000000000e+00 -4.255442176870747772e+00 1.650000000000000000e+01 -1.078125000000000355e+01
6.000000000000000000e+00 1.380952380952381375e+00 1.500000000000000000e+01 -1.250000000000000000e+01
3.500000000000000000e+00 -9.897959183673465944e-01 1.700000000000000000e+01 -1.112500000000000000e+01
8.000000000000000000e+00 3.696145124716552210e+00 2.666666666666666785e+01 -1.895833333333332149e+00
6.000000000000000000e+00 1.751700680272108457e+00 2.125000000000000000e+01 -6.528645833333332149e+00
9.000000000000000000e+00 4.744557823129252228e+00 2.725000000000000000e+01 -3.125000000000355271e-02
0.000000000000000000e+00 -4.619047619047618625e+00 2.600000000000000000e+01 -1.500000000000000000e+00
0.000000000000000000e+00 -4.489795918367346594e+00 1.950000000000000000e+01 -8.625000000000000000e+00
0.000000000000000000e+00 -4.303854875283447790e+00 2.000000000000000000e+01 -8.562500000000000000e+00
0.000000000000000000e+00 -4.248299319727891543e+00 1.600000000000000000e+01 -1.177864583333333215e+01
0.000000000000000000e+00 -4.255442176870747772e+00 2.880000000000000071e+01 1.518749999999997158e+00
0.000000000000000000e+00 -4.619047619047618625e+00 2.500000000000000000e+01 -2.500000000000000000e+00
2.000000000000000000e+00 -2.489795918367346594e+00 2.550000000000000000e+01 -2.625000000000000000e+00
1.333333333333333259e+00 -2.970521541950114752e+00 1.600000000000000000e+01 -1.256250000000000000e+01
5.000000000000000000e-01 -3.755442176870747772e+00 1.919999999999999929e+01 -8.081250000000004263e+00
0.000000000000000000e+00 -4.619047619047618625e+00 2.900000000000000000e+01 1.500000000000000000e+00
0.000000000000000000e+00 -4.489795918367346594e+00 1.900000000000000000e+01 -9.125000000000000000e+00
0.000000000000000000e+00 -4.303854875283447790e+00 1.733333333333333215e+01 -1.122916666666666785e+01
0.000000000000000000e+00 -4.248299319727891543e+00 3.275000000000000000e+01 4.971354166666667851e+00
0.000000000000000000e+00 -4.255442176870747772e+00 2.419999999999999929e+01 -3.081250000000004263e+00
4.000000000000000000e+00 -6.190476190476186247e-01 2.200000000000000000e+01 -5.500000000000000000e+00
5.000000000000000000e+00 5.102040816326534056e-01 2.050000000000000000e+01 -7.625000000000000000e+00
6.000000000000000000e+00 1.696145124716552210e+00 2.133333333333333215e+01 -7.229166666666667851e+00
7.000000000000000000e+00 2.751700680272108457e+00 1.925000000000000000e+01 -8.528645833333332149e+00
7.400000000000000355e+00 3.144557823129252583e+00 2.239999999999999858e+01 -4.881250000000004974e+00
1.100000000000000000e+01 6.380952380952381375e+00 1.600000000000000000e+01 -1.150000000000000000e+01
5.500000000000000000e+00 1.010204081632653406e+00 2.350000000000000000e+01 -4.625000000000000000e+00
6.666666666666666963e+00 2.362811791383219173e+00 2.133333333333333215e+01 -7.229166666666667851e+00
7.250000000000000000e+00 3.001700680272108457e+00 2.700000000000000000e+01 -7.786458333333321491e-01
7.200000000000000178e+00 2.944557823129252405e+00 2.360000000000000142e+01 -3.681250000000002132e+00
0.000000000000000000e+00 -4.619047619047618625e+00 2.600000000000000000e+01 -1.500000000000000000e+00
0.000000000000000000e+00 -4.489795918367346594e+00 1.300000000000000000e+01 -1.512500000000000000e+01
6.666666666666666297e-01 -3.637188208616781271e+00 1.733333333333333215e+01 -1.122916666666666785e+01
7.500000000000000000e-01 -3.498299319727891543e+00 2.400000000000000000e+01 -3.778645833333332149e+00
1.000000000000000000e+00 -3.255442176870747772e+00 2.319999999999999929e+01 -4.081250000000004263e+00
1.800000000000000000e+01 1.338095238095238138e+01 3.100000000000000000e+01 3.500000000000000000e+00
1.150000000000000000e+01 7.010204081632653406e+00 1.750000000000000000e+01 -1.062500000000000000e+01
9.666666666666666075e+00 5.362811791383218285e+00 2.400000000000000000e+01 -4.562500000000000000e+00
8.000000000000000000e+00 3.751700680272108457e+00 2.175000000000000000e+01 -6.028645833333332149e+00
6.400000000000000355e+00 2.144557823129252583e+00 1.700000000000000000e+01 -1.028125000000000355e+01
1.100000000000000000e+01 6.380952380952381375e+00 2.000000000000000000e+01 -7.500000000000000000e+00
1.650000000000000000e+01 1.201020408163265429e+01 2.700000000000000000e+01 -1.125000000000000000e+00
1.100000000000000000e+01 6.696145124716552210e+00 2.600000000000000000e+01 -2.562500000000000000e+00
1.000000000000000000e+01 5.751700680272108457e+00 1.875000000000000000e+01 -9.028645833333332149e+00
8.800000000000000711e+00 4.544557823129252938e+00 2.239999999999999858e+01 -4.881250000000004974e+00
0.000000000000000000e+00 -4.619047619047618625e+00 1.300000000000000000e+01 -1.450000000000000000e+01
0.000000000000000000e+00 -4.489795918367346594e+00 2.300000000000000000e+01 -5.125000000000000000e+00
0.000000000000000000e+00 -4.303854875283447790e+00 2.533333333333333215e+01 -3.229166666666667851e+00
0.000000000000000000e+00 -4.255442176870747772e+00 2.750000000000000000e+01 2.187499999999964473e-01
5.000000000000000000e+00 3.809523809523813753e-01 2.600000000000000000e+01 -1.500000000000000000e+00
1.050000000000000000e+01 6.010204081632653406e+00 1.450000000000000000e+01 -1.362500000000000000e+01
1.166666666666666607e+01 7.362811791383218285e+00 2.500000000000000000e+01 -3.562500000000000000e+00
1.125000000000000000e+01 7.001700680272108457e+00 2.575000000000000000e+01 -2.028645833333332149e+00
1.180000000000000071e+01 7.544557823129252938e+00 2.219999999999999929e+01 -5.081250000000004263e+00
9.000000000000000000e+00 4.380952380952381375e+00 1.400000000000000000e+01 -1.350000000000000000e+01
6.000000000000000000e+00 1.510204081632653406e+00 1.600000000000000000e+01 -1.212500000000000000e+01
5.000000000000000000e+00 6.961451247165522105e-01 2.033333333333333215e+01 -8.229166666666667851e+00
5.250000000000000000e+00 1.001700680272108457e+00 2.500000000000000000e+01 -2.778645833333332149e+00
5.599999999999999645e+00 1.344557823129251872e+00 2.100000000000000000e+01 -6.281250000000003553e+00
4.000000000000000000e+00 -6.190476190476186247e-01 2.600000000000000000e+01 -1.500000000000000000e+00
2.500000000000000000e+00 -1.989795918367346594e+00 1.450000000000000000e+01 -1.362500000000000000e+01
1.666666666666666741e+00 -2.637188208616780827e+00 2.500000000000000000e+01 -3.562500000000000000e+00
1.500000000000000000e+00 -2.748299319727891543e+00 2.575000000000000000e+01 -2.028645833333332149e+00
1.600000000000000089e+00 -2.655442176870747684e+00 2.219999999999999929e+01 -5.081250000000004263e+00
2.000000000000000000e+00 -2.619047619047618625e+00 1.000000000000000000e+01 -1.750000000000000000e+01
1.000000000000000000e+00 -3.489795918367346594e+00 1.500000000000000000e+01 -1.312500000000000000e+01
6.666666666666666297e-01 -3.637188208616781271e+00 1.300000000000000000e+01 -1.556250000000000000e+01
5.000000000000000000e-01 -3.748299319727891543e+00 1.750000000000000000e+01 -1.027864583333333215e+01
4.000000000000000222e-01 -3.855442176870747861e+00 2.060000000000000142e+01 -6.681250000000002132e+00
2.000000000000000000e+00 -2.619047619047618625e+00 4.000000000000000000e+00 -2.350000000000000000e+01
1.500000000000000000e+00 -2.989795918367346594e+00 1.700000000000000000e+01 -1.112500000000000000e+01
1.000000000000000000e+00 -3.303854875283447790e+00 1.900000000000000000e+01 -9.562500000000000000e+00
7.500000000000000000e-01 -3.498299319727891543e+00 2.350000000000000000e+01 -4.278645833333332149e+00
5.999999999999999778e-01 -3.655442176870747684e+00 2.239999999999999858e+01 -4.881250000000004974e+00
0.000000000000000000e+00 -4.619047619047618625e+00 2.300000000000000000e+01 -4.500000000000000000e+00
0.000000000000000000e+00 -4.489795918367346594e+00 1.350000000000000000e+01 -1.462500000000000000e+01
3.333333333333333148e-01 -3.970521541950114308e+00 2.533333333333333215e+01 -3.229166666666667851e+00
2.500000000000000000e-01 -3.998299319727891543e+00 2.050000000000000000e+01 -7.278645833333332149e+00
2.000000000000000111e-01 -4.055442176870747595e+00 1.500000000000000000e+01 -1.228125000000000355e+01
0.000000000000000000e+00 -4.619047619047618625e+00 2.600000000000000000e+01 -1.500000000000000000e+00
0.000000000000000000e+00 -4.489795918367346594e+00 1.950000000000000000e+01 -8.625000000000000000e+00
0.000000000000000000e+00 -4.303854875283447790e+00 2.000000000000000000e+01 -8.562500000000000000e+00
0.000000000000000000e+00 -4.248299319727891543e+00 1.600000000000000000e+01 -1.177864583333333215e+01
0.000000000000000000e+00 -4.255442176870747772e+00 2.880000000000000071e+01 1.518749999999997158e+00
0.000000000000000000e+00 -4.619047619047618625e+00 2.600000000000000000e+01 -1.500000000000000000e+00
5.500000000000000000e+00 1.010204081632653406e+00 1.300000000000000000e+01 -1.512500000000000000e+01
4.000000000000000000e+00 -3.038548752834477895e-01 1.733333333333333215e+01 -1.122916666666666785e+01
3.500000000000000000e+00 -7.482993197278915432e-01 2.400000000000000000e+01 -3.778645833333332149e+00
3.600000000000000089e+00 -6.554421768707476836e-01 2.319999999999999929e+01 -4.081250000000004263e+00
3.000000000000000000e+00 -1.619047619047618625e+00 2.100000000000000000e+01 -6.500000000000000000e+00
2.000000000000000000e+00 -2.489795918367346594e+00 1.200000000000000000e+01 -1.612500000000000000e+01
7.000000000000000000e+00 2.696145124716552210e+00 2.466666666666666785e+01 -3.895833333333332149e+00
5.750000000000000000e+00 1.501700680272108457e+00 2.350000000000000000e+01 -4.278645833333332149e+00
5.200000000000000178e+00 9.445578231292524052e-01 2.550000000000000000e+01 -1.781250000000003553e+00
0.000000000000000000e+00 -4.619047619047618625e+00 2.900000000000000000e+01 1.500000000000000000e+00
0.000000000000000000e+00 -4.489795918367346594e+00 1.900000000000000000e+01 -9.125000000000000000e+00
0.000000000000000000e+00 -4.303854875283447790e+00 1.733333333333333215e+01 -1.122916666666666785e+01
0.000000000000000000e+00 -4.248299319727891543e+00 3.275000000000000000e+01 4.971354166666667851e+00
0.000000000000000000e+00 -4.255442176870747772e+00 2.419999999999999929e+01 -3.081250000000004263e+00
3.000000000000000000e+00 -1.619047619047618625e+00 1.200000000000000000e+01 -1.550000000000000000e+01
4.000000000000000000e+00 -4.897959183673465944e-01 1.800000000000000000e+01 -1.012500000000000000e+01
7.333333333333333037e+00 3.029478458049885248e+00 1.700000000000000000e+01 -1.156250000000000000e+01
5.500000000000000000e+00 1.251700680272108457e+00 1.275000000000000000e+01 -1.502864583333333215e+01
4.799999999999999822e+00 5.445578231292520499e-01 1.180000000000000071e+01 -1.548125000000000284e+01
5.000000000000000000e+00 3.809523809523813753e-01 2.600000000000000000e+01 -1.500000000000000000e+00
3.000000000000000000e+00 -1.489795918367346594e+00 1.400000000000000000e+01 -1.412500000000000000e+01
2.666666666666666519e+00 -1.637188208616781271e+00 1.733333333333333215e+01 -1.122916666666666785e+01
4.750000000000000000e+00 5.017006802721084568e-01 2.325000000000000000e+01 -4.528645833333332149e+00
4.400000000000000355e+00 1.445578231292525828e-01 1.240000000000000036e+01 -1.488125000000000320e+01
3.000000000000000000e+00 -1.619047619047618625e+00 1.300000000000000000e+01 -1.450000000000000000e+01
1.000000000000000000e+01 5.510204081632653406e+00 1.700000000000000000e+01 -1.112500000000000000e+01
7.000000000000000000e+00 2.696145124716552210e+00 1.466666666666666607e+01 -1.389583333333333393e+01
7.500000000000000000e+00 3.251700680272108457e+00 2.025000000000000000e+01 -7.528645833333332149e+00
7.599999999999999645e+00 3.344557823129251872e+00 1.359999999999999964e+01 -1.368125000000000391e+01
1.700000000000000000e+01 1.238095238095238138e+01 2.600000000000000000e+01 -1.500000000000000000e+00
1.200000000000000000e+01 7.510204081632653406e+00 1.400000000000000000e+01 -1.412500000000000000e+01
1.133333333333333393e+01 7.029478458049886136e+00 1.733333333333333215e+01 -1.122916666666666785e+01
1.475000000000000000e+01 1.050170068027210846e+01 2.325000000000000000e+01 -4.528645833333332149e+00
1.200000000000000000e+01 7.744557823129252228e+00 1.240000000000000036e+01 -1.488125000000000320e+01
1.000000000000000000e+00 -3.619047619047618625e+00 2.600000000000000000e+01 -1.500000000000000000e+00
5.000000000000000000e-01 -3.989795918367346594e+00 1.450000000000000000e+01 -1.362500000000000000e+01
3.333333333333333148e-01 -3.970521541950114308e+00 2.500000000000000000e+01 -3.562500000000000000e+00
2.500000000000000000e-01 -3.998299319727891543e+00 2.575000000000000000e+01 -2.028645833333332149e+00
2.000000000000000111e-01 -4.055442176870747595e+00 2.219999999999999929e+01 -5.081250000000004263e+00
0.000000000000000000e+00 -4.619047619047618625e+00 2.600000000000000000e+01 -1.500000000000000000e+00
1.500000000000000000e+00 -2.989795918367346594e+00 1.950000000000000000e+01 -8.625000000000000000e+00
1.666666666666666741e+00 -2.637188208616780827e+00 2.000000000000000000e+01 -8.562500000000000000e+00
1.250000000000000000e+00 -2.998299319727891543e+00 1.600000000000000000e+01 -1.177864583333333215e+01
1.000000000000000000e+00 -3.255442176870747772e+00 2.880000000000000071e+01 1.518749999999997158e+00
2.000000000000000000e+00 -2.619047619047618625e+00 2.300000000000000000e+01 -4.500000000000000000e+00
4.000000000000000000e+00 -4.897959183673465944e-01 2.550000000000000000e+01 -2.625000000000000000e+00
2.666666666666666519e+00 -1.637188208616781271e+00 2.766666666666666785e+01 -8.958333333333321491e-01
2.000000000000000000e+00 -2.255442176870747772e+00 1.425000000000000000e+01 -1.303125000000000355e+01
1.000000000000000000e+01 5.380952380952381375e+00 2.000000000000000000e+01 -7.500000000000000000e+00
5.000000000000000000e+00 5.102040816326534056e-01 1.800000000000000000e+01 -1.012500000000000000e+01
4.333333333333333037e+00 2.947845804988524776e-02 1.933333333333333215e+01 -9.229166666666667851e+00
3.250000000000000000e+00 -9.982993197278915432e-01 1.625000000000000000e+01 -1.152864583333333215e+01
0.000000000000000000e+00 -4.619047619047618625e+00 4.000000000000000000e+00 -2.350000000000000000e+01
0.000000000000000000e+00 -4.489795918367346594e+00 1.700000000000000000e+01 -1.112500000000000000e+01
0.000000000000000000e+00 -4.303854875283447790e+00 1.900000000000000000e+01 -9.562500000000000000e+00
0.000000000000000000e+00 -4.248299319727891543e+00 2.350000000000000000e+01 -4.278645833333332149e+00
0.000000000000000000e+00 -4.255442176870747772e+00 2.239999999999999858e+01 -4.881250000000004974e+00
3.000000000000000000e+00 -1.619047619047618625e+00 3.200000000000000000e+01 4.500000000000000000e+00
1.500000000000000000e+00 -2.989795918367346594e+00 1.600000000000000000e+01 -1.212500000000000000e+01
6.666666666666666297e-01 -3.637188208616781271e+00 1.700000000000000000e+01 -1.156250000000000000e+01
7.500000000000000000e-01 -3.498299319727891543e+00 1.400000000000000000e+01 -1.377864583333333215e+01
1.000000000000000000e+00 -3.255442176870747772e+00 1.900000000000000000e+01 -8.281250000000003553e+00
8.000000000000000000e+00 3.380952380952381375e+00 2.000000000000000000e+01 -7.500000000000000000e+00
7.500000000000000000e+00 3.010204081632653406e+00 2.950000000000000000e+01 1.375000000000000000e+00
7.666666666666666963e+00 3.362811791383219173e+00 2.300000000000000000e+01 -5.562500000000000000e+00
6.250000000000000000e+00 1.994557823129252228e+00 2.180000000000000071e+01 -5.481250000000002842e+00
0.000000000000000000e+00 -4.619047619047618625e+00 1.500000000000000000e+01 -1.250000000000000000e+01
0.000000000000000000e+00 -4.489795918367346594e+00 2.100000000000000000e+01 -7.125000000000000000e+00
0.000000000000000000e+00 -4.303854875283447790e+00 1.666666666666666785e+01 -1.189583333333333215e+01
0.000000000000000000e+00 -4.255442176870747772e+00 2.780000000000000071e+01 5.187499999999971578e-01
0.000000000000000000e+00 -4.619047619047618625e+00 1.300000000000000000e+01 -1.450000000000000000e+01
0.000000000000000000e+00 -4.489795918367346594e+00 1.700000000000000000e+01 -1.112500000000000000e+01
0.000000000000000000e+00 -4.303854875283447790e+00 1.466666666666666607e+01 -1.389583333333333393e+01
0.000000000000000000e+00 -4.248299319727891543e+00 2.025000000000000000e+01 -7.528645833333332149e+00
0.000000000000000000e+00 -4.255442176870747772e+00 1.359999999999999964e+01 -1.368125000000000391e+01
2.000000000000000000e+00 -2.619047619047618625e+00 2.000000000000000000e+01 -7.500000000000000000e+00
6.000000000000000000e+00 1.510204081632653406e+00 2.950000000000000000e+01 1.375000000000000000e+00
7.666666666666666963e+00 3.362811791383219173e+00 2.300000000000000000e+01 -5.562500000000000000e+00
7.000000000000000000e+00 2.744557823129252228e+00 2.180000000000000071e+01 -5.481250000000002842e+00
6.000000000000000000e+00 1.380952380952381375e+00 4.000000000000000000e+01 1.250000000000000000e+01
4.500000000000000000e+00 1.020408163265340562e-02 2.350000000000000000e+01 -4.625000000000000000e+00
5.333333333333333037e+00 1.029478458049885248e+00 3.333333333333333570e+01 4.770833333333335702e+00
4.000000000000000000e+00 -2.482993197278915432e-01 2.350000000000000000e+01 -4.278645833333332149e+00
3.200000000000000178e+00 -1.055442176870747595e+00 1.960000000000000142e+01 -7.681250000000002132e+00
0.000000000000000000e+00 -4.619047619047618625e+00 3.200000000000000000e+01 4.500000000000000000e+00
3.500000000000000000e+00 -9.897959183673465944e-01 1.600000000000000000e+01 -1.212500000000000000e+01
4.666666666666666963e+00 3.628117913832191732e-01 1.700000000000000000e+01 -1.156250000000000000e+01
4.250000000000000000e+00 1.700680272108456847e-03 1.400000000000000000e+01 -1.377864583333333215e+01
4.400000000000000355e+00 1.445578231292525828e-01 1.900000000000000000e+01 -8.281250000000003553e+00
0.000000000000000000e+00 -4.619047619047618625e+00 1.000000000000000000e+01 -1.750000000000000000e+01
2.000000000000000000e+00 -2.489795918367346594e+00 1.500000000000000000e+01 -1.312500000000000000e+01
2.333333333333333481e+00 -1.970521541950114308e+00 1.300000000000000000e+01 -1.556250000000000000e+01
3.750000000000000000e+00 -4.982993197278915432e-01 1.750000000000000000e+01 -1.027864583333333215e+01
3.799999999999999822e+00 -4.554421768707479501e-01 2.060000000000000142e+01 -6.681250000000002132e+00
9.000000000000000000e+00 4.380952380952381375e+00 4.000000000000000000e+01 1.250000000000000000e+01
4.500000000000000000e+00 1.020408163265340562e-02 2.350000000000000000e+01 -4.625000000000000000e+00
8.333333333333333925e+00 4.029478458049886136e+00 3.333333333333333570e+01 4.770833333333335702e+00
9.500000000000000000e+00 5.251700680272108457e+00 2.350000000000000000e+01 -4.278645833333332149e+00
7.799999999999999822e+00 3.544557823129252050e+00 1.960000000000000142e+01 -7.681250000000002132e+00
8.000000000000000000e+00 3.380952380952381375e+00 1.000000000000000000e+01 -1.750000000000000000e+01
4.500000000000000000e+00 1.020408163265340562e-02 1.500000000000000000e+01 -1.312500000000000000e+01
3.333333333333333481e+00 -9.705215419501143082e-01 1.300000000000000000e+01 -1.556250000000000000e+01
3.500000000000000000e+00 -7.482993197278915432e-01 1.750000000000000000e+01 -1.027864583333333215e+01
2.799999999999999822e+00 -1.455442176870747950e+00 2.060000000000000142e+01 -6.681250000000002132e+00
9.000000000000000000e+00 4.380952380952381375e+00 2.000000000000000000e+01 -7.500000000000000000e+00
1.200000000000000000e+01 7.510204081632653406e+00 1.800000000000000000e+01 -1.012500000000000000e+01
9.333333333333333925e+00 5.029478458049886136e+00 1.933333333333333215e+01 -9.229166666666667851e+00
9.000000000000000000e+00 4.751700680272108457e+00 1.625000000000000000e+01 -1.152864583333333215e+01
4.000000000000000000e+00 -6.190476190476186247e-01 1.300000000000000000e+01 -1.450000000000000000e+01
8.000000000000000000e+00 3.510204081632653406e+00 2.300000000000000000e+01 -5.125000000000000000e+00
7.000000000000000000e+00 2.696145124716552210e+00 2.533333333333333215e+01 -3.229166666666667851e+00
1.375000000000000000e+01 9.494557823129252228e+00 2.750000000000000000e+01 2.187499999999964473e-01
0.000000000000000000e+00 -4.619047619047618625e+00 1.300000000000000000e+01 -1.450000000000000000e+01
0.000000000000000000e+00 -4.489795918367346594e+00 2.300000000000000000e+01 -5.125000000000000000e+00
0.000000000000000000e+00 -4.303854875283447790e+00 2.533333333333333215e+01 -3.229166666666667851e+00
0.000000000000000000e+00 -4.255442176870747772e+00 2.750000000000000000e+01 2.187499999999964473e-01
0.000000000000000000e+00 -4.619047619047618625e+00 2.300000000000000000e+01 -4.500000000000000000e+00
0.000000000000000000e+00 -4.489795918367346594e+00 1.350000000000000000e+01 -1.462500000000000000e+01
0.000000000000000000e+00 -4.303854875283447790e+00 2.533333333333333215e+01 -3.229166666666667851e+00
0.000000000000000000e+00 -4.248299319727891543e+00 2.050000000000000000e+01 -7.278645833333332149e+00
0.000000000000000000e+00 -4.255442176870747772e+00 1.500000000000000000e+01 -1.228125000000000355e+01
0.000000000000000000e+00 -4.619047619047618625e+00 3.200000000000000000e+01 4.500000000000000000e+00
0.000000000000000000e+00 -4.489795918367346594e+00 1.600000000000000000e+01 -1.212500000000000000e+01
3.000000000000000000e+00 -1.303854875283447790e+00 1.700000000000000000e+01 -1.156250000000000000e+01
2.750000000000000000e+00 -1.498299319727891543e+00 1.400000000000000000e+01 -1.377864583333333215e+01
2.200000000000000178e+00 -2.055442176870747595e+00 1.900000000000000000e+01 -8.281250000000003553e+00
0.000000000000000000e+00 -4.619047619047618625e+00 2.200000000000000000e+01 -5.500000000000000000e+00
5.000000000000000000e-01 -3.989795918367346594e+00 2.050000000000000000e+01 -7.625000000000000000e+00
2.000000000000000000e+00 -2.303854875283447790e+00 2.133333333333333215e+01 -7.229166666666667851e+00
1.750000000000000000e+00 -2.498299319727891543e+00 1.925000000000000000e+01 -8.528645833333332149e+00
1.399999999999999911e+00 -2.855442176870747861e+00 2.239999999999999858e+01 -4.881250000000004974e+00
3.000000000000000000e+00 -1.619047619047618625e+00 1.400000000000000000e+01 -1.350000000000000000e+01
3.500000000000000000e+00 -9.897959183673465944e-01 2.200000000000000000e+01 -6.125000000000000000e+00
4.000000000000000000e+00 -3.038548752834477895e-01 2.133333333333333215e+01 -7.229166666666667851e+00
6.000000000000000000e+00 1.751700680272108457e+00 2.125000000000000000e+01 -6.528645833333332149e+00
4.799999999999999822e+00 5.445578231292520499e-01 2.519999999999999929e+01 -2.081250000000004263e+00
0.000000000000000000e+00 -4.619047619047618625e+00 4.000000000000000000e+00 -2.350000000000000000e+01
4.500000000000000000e+00 1.020408163265340562e-02 1.700000000000000000e+01 -1.112500000000000000e+01
3.666666666666666519e+00 -6.371882086167812709e-01 1.900000000000000000e+01 -9.562500000000000000e+00
4.750000000000000000e+00 5.017006802721084568e-01 2.350000000000000000e+01 -4.278645833333332149e+00
5.599999999999999645e+00 1.344557823129251872e+00 2.239999999999999858e+01 -4.881250000000004974e+00
0.000000000000000000e+00 -4.619047619047618625e+00 1.600000000000000000e+01 -1.150000000000000000e+01
0.000000000000000000e+00 -4.489795918367346594e+00 2.350000000000000000e+01 -4.625000000000000000e+00
0.000000000000000000e+00 -4.303854875283447790e+00 2.133333333333333215e+01 -7.229166666666667851e+00
0.000000000000000000e+00 -4.248299319727891543e+00 2.700000000000000000e+01 -7.786458333333321491e-01
2.000000000000000111e-01 -4.055442176870747595e+00 2.360000000000000142e+01 -3.681250000000002132e+00
0.000000000000000000e+00 -4.619047619047618625e+00 2.100000000000000000e+01 -6.500000000000000000e+00
0.000000000000000000e+00 -4.489795918367346594e+00 1.200000000000000000e+01 -1.612500000000000000e+01
0.000000000000000000e+00 -4.303854875283447790e+00 2.466666666666666785e+01 -3.895833333333332149e+00
2.500000000000000000e-01 -3.998299319727891543e+00 2.350000000000000000e+01 -4.278645833333332149e+00
2.000000000000000111e-01 -4.055442176870747595e+00 2.550000000000000000e+01 -1.781250000000003553e+00
0.000000000000000000e+00 -4.619047619047618625e+00 3.200000000000000000e+01 4.500000000000000000e+00
0.000000000000000000e+00 -4.489795918367346594e+00 1.600000000000000000e+01 -1.212500000000000000e+01
0.000000000000000000e+00 -4.303854875283447790e+00 1.700000000000000000e+01 -1.156250000000000000e+01
0.000000000000000000e+00 -4.248299319727891543e+00 1.400000000000000000e+01 -1.377864583333333215e+01
0.000000000000000000e+00 -4.255442176870747772e+00 1.900000000000000000e+01 -8.281250000000003553e+00
8.000000000000000000e+00 3.380952380952381375e+00 2.300000000000000000e+01 -4.500000000000000000e+00
5.000000000000000000e+00 5.102040816326534056e-01 2.550000000000000000e+01 -2.625000000000000000e+00
9.000000000000000000e+00 4.696145124716552210e+00 2.766666666666666785e+01 -8.958333333333321491e-01
6.750000000000000000e+00 2.494557823129252228e+00 1.425000000000000000e+01 -1.303125000000000355e+01
2.000000000000000000e+00 -2.619047619047618625e+00 4.000000000000000000e+00 -2.350000000000000000e+01
4.000000000000000000e+00 -4.897959183673465944e-01 1.700000000000000000e+01 -1.112500000000000000e+01
8.000000000000000000e+00 3.696145124716552210e+00 1.900000000000000000e+01 -9.562500000000000000e+00
8.500000000000000000e+00 4.251700680272108457e+00 2.350000000000000000e+01 -4.278645833333332149e+00
7.200000000000000178e+00 2.944557823129252405e+00 2.239999999999999858e+01 -4.881250000000004974e+00
0.000000000000000000e+00 -4.619047619047618625e+00 2.800000000000000000e+01 5.000000000000000000e-01
2.500000000000000000e+00 -1.989795918367346594e+00 3.400000000000000000e+01 5.875000000000000000e+00
2.000000000000000000e+00 -2.303854875283447790e+00 1.166666666666666607e+01 -1.689583333333333570e+01
1.750000000000000000e+00 -2.498299319727891543e+00 2.425000000000000000e+01 -3.528645833333332149e+00
2.799999999999999822e+00 -1.455442176870747950e+00 2.460000000000000142e+01 -2.681250000000002132e+00
0.000000000000000000e+00 -4.619047619047618625e+00 2.900000000000000000e+01 1.500000000000000000e+00
0.000000000000000000e+00 -4.489795918367346594e+00 1.900000000000000000e+01 -9.125000000000000000e+00
0.000000000000000000e+00 -4.303854875283447790e+00 1.733333333333333215e+01 -1.122916666666666785e+01
2.500000000000000000e-01 -3.998299319727891543e+00 3.275000000000000000e+01 4.971354166666667851e+00
5.999999999999999778e-01 -3.655442176870747684e+00 2.419999999999999929e+01 -3.081250000000004263e+00
2.300000000000000000e+01 1.838095238095237960e+01 3.200000000000000000e+01 4.500000000000000000e+00
1.200000000000000000e+01 7.510204081632653406e+00 1.600000000000000000e+01 -1.212500000000000000e+01
1.200000000000000000e+01 7.696145124716552210e+00 1.700000000000000000e+01 -1.156250000000000000e+01
1.050000000000000000e+01 6.251700680272108457e+00 1.400000000000000000e+01 -1.377864583333333215e+01
8.800000000000000711e+00 4.544557823129252938e+00 1.900000000000000000e+01 -8.281250000000003553e+00
0.000000000000000000e+00 -4.619047619047618625e+00 1.900000000000000000e+01 -8.500000000000000000e+00
0.000000000000000000e+00 -4.489795918367346594e+00 2.050000000000000000e+01 -7.625000000000000000e+00
0.000000000000000000e+00 -4.303854875283447790e+00 1.733333333333333215e+01 -1.122916666666666785e+01
0.000000000000000000e+00 -4.255442176870747772e+00 2.160000000000000142e+01 -5.681250000000002132e+00
9.000000000000000000e+00 4.380952380952381375e+00 2.900000000000000000e+01 1.500000000000000000e+00
7.000000000000000000e+00 2.510204081632653406e+00 1.900000000000000000e+01 -9.125000000000000000e+00
5.666666666666666963e+00 1.362811791383219173e+00 1.733333333333333215e+01 -1.122916666666666785e+01
5.500000000000000000e+00 1.251700680272108457e+00 3.275000000000000000e+01 4.971354166666667851e+00
4.599999999999999645e+00 3.445578231292518723e-01 2.419999999999999929e+01 -3.081250000000004263e+00
0.000000000000000000e+00 -4.619047619047618625e+00 1.900000000000000000e+01 -8.500000000000000000e+00
5.000000000000000000e-01 -3.989795918367346594e+00 2.050000000000000000e+01 -7.625000000000000000e+00
1.000000000000000000e+00 -3.303854875283447790e+00 1.733333333333333215e+01 -1.122916666666666785e+01
7.500000000000000000e-01 -3.505442176870747772e+00 2.160000000000000142e+01 -5.681250000000002132e+00
1.000000000000000000e+00 -3.619047619047618625e+00 1.700000000000000000e+01 -1.050000000000000000e+01
5.000000000000000000e-01 -3.989795918367346594e+00 2.000000000000000000e+01 -8.125000000000000000e+00
3.333333333333333148e-01 -3.970521541950114308e+00 1.666666666666666785e+01 -1.189583333333333215e+01
2.500000000000000000e-01 -3.998299319727891543e+00 2.100000000000000000e+01 -6.778645833333332149e+00
2.000000000000000111e-01 -4.055442176870747595e+00 1.650000000000000000e+01 -1.078125000000000355e+01
0.000000000000000000e+00 -4.619047619047618625e+00 1.400000000000000000e+01 -1.350000000000000000e+01
0.000000000000000000e+00 -4.489795918367346594e+00 2.200000000000000000e+01 -6.125000000000000000e+00
0.000000000000000000e+00 -4.303854875283447790e+00 2.133333333333333215e+01 -7.229166666666667851e+00
2.250000000000000000e+00 -1.998299319727891543e+00 2.125000000000000000e+01 -6.528645833333332149e+00
3.600000000000000089e+00 -6.554421768707476836e-01 2.519999999999999929e+01 -2.081250000000004263e+00
1.000000000000000000e+00 -3.619047619047618625e+00 1.200000000000000000e+01 -1.550000000000000000e+01
5.000000000000000000e-01 -3.989795918367346594e+00 1.800000000000000000e+01 -1.012500000000000000e+01
2.000000000000000000e+00 -2.303854875283447790e+00 1.700000000000000000e+01 -1.156250000000000000e+01
3.000000000000000000e+00 -1.248299319727891543e+00 1.275000000000000000e+01 -1.502864583333333215e+01
2.600000000000000089e+00 -1.655442176870747684e+00 1.180000000000000071e+01 -1.548125000000000284e+01
0.000000000000000000e+00 -4.619047619047618625e+00 1.300000000000000000e+01 -1.450000000000000000e+01
0.000000000000000000e+00 -4.489795918367346594e+00 1.700000000000000000e+01 -1.112500000000000000e+01
0.000000000000000000e+00 -4.303854875283447790e+00 1.466666666666666607e+01 -1.389583333333333393e+01
0.000000000000000000e+00 -4.248299319727891543e+00 2.025000000000000000e+01 -7.528645833333332149e+00
4.000000000000000222e-01 -3.855442176870747861e+00 1.359999999999999964e+01 -1.368125000000000391e+01
0.000000000000000000e+00 -4.619047619047618625e+00 1.500000000000000000e+01 -1.250000000000000000e+01
2.500000000000000000e+00 -1.989795918367346594e+00 1.700000000000000000e+01 -1.112500000000000000e+01
1.666666666666666741e+00 -2.637188208616780827e+00 2.666666666666666785e+01 -1.895833333333332149e+00
1.250000000000000000e+00 -2.998299319727891543e+00 2.125000000000000000e+01 -6.528645833333332149e+00
1.000000000000000000e+00 -3.255442176870747772e+00 2.725000000000000000e+01 -3.125000000000355271e-02
0.000000000000000000e+00 -4.619047619047618625e+00 2.500000000000000000e+01 -2.500000000000000000e+00
0.000000000000000000e+00 -4.489795918367346594e+00 2.550000000000000000e+01 -2.625000000000000000e+00
0.000000000000000000e+00 -4.303854875283447790e+00 1.600000000000000000e+01 -1.256250000000000000e+01
0.000000000000000000e+00 -4.255442176870747772e+00 1.919999999999999929e+01 -8.081250000000004263e+00
1.000000000000000000e+00 -3.619047619047618625e+00 1.300000000000000000e+01 -1.450000000000000000e+01
5.000000000000000000e-01 -3.989795918367346594e+00 2.300000000000000000e+01 -5.125000000000000000e+00
3.333333333333333148e-01 -3.970521541950114308e+00 2.533333333333333215e+01 -3.229166666666667851e+00
2.500000000000000000e-01 -4.005442176870747772e+00 2.750000000000000000e+01 2.187499999999964473e-01
1.000000000000000000e+00 -3.619047619047618625e+00 1.900000000000000000e+01 -8.500000000000000000e+00
2.000000000000000000e+00 -2.489795918367346594e+00 2.050000000000000000e+01 -7.625000000000000000e+00
3.000000000000000000e+00 -1.303854875283447790e+00 1.733333333333333215e+01 -1.122916666666666785e+01
3.500000000000000000e+00 -7.554421768707477725e-01 2.160000000000000142e+01 -5.681250000000002132e+00
0.000000000000000000e+00 -4.619047619047618625e+00 1.700000000000000000e+01 -1.050000000000000000e+01
0.000000000000000000e+00 -4.489795918367346594e+00 2.000000000000000000e+01 -8.125000000000000000e+00
0.000000000000000000e+00 -4.303854875283447790e+00 1.666666666666666785e+01 -1.189583333333333215e+01
0.000000000000000000e+00 -4.248299319727891543e+00 2.100000000000000000e+01 -6.778645833333332149e+00
0.000000000000000000e+00 -4.255442176870747772e+00 1.650000000000000000e+01 -1.078125000000000355e+01
0.000000000000000000e+00 -4.619047619047618625e+00 2.800000000000000000e+01 5.000000000000000000e-01
0.000000000000000000e+00 -4.489795918367346594e+00 3.400000000000000000e+01 5.875000000000000000e+00
3.333333333333333148e-01 -3.970521541950114308e+00 1.166666666666666607e+01 -1.689583333333333570e+01
2.500000000000000000e-01 -3.998299319727891543e+00 2.425000000000000000e+01 -3.528645833333332149e+00
2.000000000000000111e-01 -4.055442176870747595e+00 2.460000000000000142e+01 -2.681250000000002132e+00
1.100000000000000000e+01 6.380952380952381375e+00 2.800000000000000000e+01 5.000000000000000000e-01
1.400000000000000000e+01 9.510204081632654294e+00 3.400000000000000000e+01 5.875000000000000000e+00
1.000000000000000000e+01 5.696145124716552210e+00 1.166666666666666607e+01 -1.689583333333333570e+01
1.325000000000000000e+01 9.001700680272108457e+00 2.425000000000000000e+01 -3.528645833333332149e+00
1.240000000000000036e+01 8.144557823129252583e+00 2.460000000000000142e+01 -2.681250000000002132e+00
1.100000000000000000e+01 6.380952380952381375e+00 1.700000000000000000e+01 -1.050000000000000000e+01
1.250000000000000000e+01 8.010204081632654294e+00 2.000000000000000000e+01 -8.125000000000000000e+00
1.100000000000000000e+01 6.696145124716552210e+00 1.666666666666666785e+01 -1.189583333333333215e+01
8.750000000000000000e+00 4.501700680272108457e+00 2.100000000000000000e+01 -6.778645833333332149e+00
7.599999999999999645e+00 3.344557823129251872e+00 1.650000000000000000e+01 -1.078125000000000355e+01
0.000000000000000000e+00 -4.619047619047618625e+00 2.000000000000000000e+01 -7.500000000000000000e+00
0.000000000000000000e+00 -4.489795918367346594e+00 2.950000000000000000e+01 1.375000000000000000e+00
0.000000000000000000e+00 -4.303854875283447790e+00 2.300000000000000000e+01 -5.562500000000000000e+00
0.000000000000000000e+00 -4.255442176870747772e+00 2.180000000000000071e+01 -5.481250000000002842e+00
0.000000000000000000e+00 -4.619047619047618625e+00 2.000000000000000000e+01 -7.500000000000000000e+00
0.000000000000000000e+00 -4.489795918367346594e+00 2.950000000000000000e+01 1.375000000000000000e+00
0.000000000000000000e+00 -4.303854875283447790e+00 2.300000000000000000e+01 -5.562500000000000000e+00
0.000000000000000000e+00 -4.255442176870747772e+00 2.180000000000000071e+01 -5.481250000000002842e+00
0.000000000000000000e+00 -4.619047619047618625e+00 2.600000000000000000e+01 -1.500000000000000000e+00
0.000000000000000000e+00 -4.489795918367346594e+00 1.950000000000000000e+01 -8.625000000000000000e+00
0.000000000000000000e+00 -4.303854875283447790e+00 2.000000000000000000e+01 -8.562500000000000000e+00
0.000000000000000000e+00 -4.248299319727891543e+00 1.600000000000000000e+01 -1.177864583333333215e+01
0.000000000000000000e+00 -4.255442176870747772e+00 2.880000000000000071e+01 1.518749999999997158e+00
0.000000000000000000e+00 -4.619047619047618625e+00 2.800000000000000000e+01 5.000000000000000000e-01
0.000000000000000000e+00 -4.489795918367346594e+00 3.400000000000000000e+01 5.875000000000000000e+00
0.000000000000000000e+00 -4.303854875283447790e+00 1.166666666666666607e+01 -1.689583333333333570e+01
0.000000000000000000e+00 -4.248299319727891543e+00 2.425000000000000000e+01 -3.528645833333332149e+00
0.000000000000000000e+00 -4.255442176870747772e+00 2.460000000000000142e+01 -2.681250000000002132e+00
2.800000000000000000e+01 2.338095238095237960e+01 3.700000000000000000e+01 9.500000000000000000e+00
1.800000000000000000e+01 1.351020408163265429e+01 1.350000000000000000e+01 -1.462500000000000000e+01
1.466666666666666607e+01 1.036281179138321917e+01 1.866666666666666785e+01 -9.895833333333332149e+00
1.125000000000000000e+01 7.001700680272108457e+00 2.600000000000000000e+01 -1.778645833333332149e+00
9.000000000000000000e+00 4.744557823129252228e+00 2.039999999999999858e+01 -6.881250000000004974e+00
0.000000000000000000e+00 -4.619047619047618625e+00 2.600000000000000000e+01 -1.500000000000000000e+00
1.000000000000000000e+00 -3.489795918367346594e+00 1.950000000000000000e+01 -8.625000000000000000e+00
1.666666666666666741e+00 -2.637188208616780827e+00 2.000000000000000000e+01 -8.562500000000000000e+00
2.750000000000000000e+00 -1.498299319727891543e+00 1.600000000000000000e+01 -1.177864583333333215e+01
2.399999999999999911e+00 -1.855442176870747861e+00 2.880000000000000071e+01 1.518749999999997158e+00
0.000000000000000000e+00 -4.619047619047618625e+00 1.400000000000000000e+01 -1.350000000000000000e+01
0.000000000000000000e+00 -4.489795918367346594e+00 1.600000000000000000e+01 -1.212500000000000000e+01
0.000000000000000000e+00 -4.303854875283447790e+00 2.033333333333333215e+01 -8.229166666666667851e+00
0.000000000000000000e+00 -4.248299319727891543e+00 2.500000000000000000e+01 -2.778645833333332149e+00
0.000000000000000000e+00 -4.255442176870747772e+00 2.100000000000000000e+01 -6.281250000000003553e+00
8.000000000000000000e+00 3.380952380952381375e+00 1.300000000000000000e+01 -1.450000000000000000e+01
9.000000000000000000e+00 4.510204081632653406e+00 2.300000000000000000e+01 -5.125000000000000000e+00
1.066666666666666607e+01 6.362811791383218285e+00 2.533333333333333215e+01 -3.229166666666667851e+00
1.050000000000000000e+01 6.244557823129252228e+00 2.750000000000000000e+01 2.187499999999964473e-01
3.000000000000000000e+00 -1.619047619047618625e+00 1.500000000000000000e+01 -1.250000000000000000e+01
2.500000000000000000e+00 -1.989795918367346594e+00 2.100000000000000000e+01 -7.125000000000000000e+00
1.666666666666666741e+00 -2.637188208616780827e+00 1.666666666666666785e+01 -1.189583333333333215e+01
2.000000000000000000e+00 -2.255442176870747772e+00 2.780000000000000071e+01 5.187499999999971578e-01
0.000000000000000000e+00 -4.619047619047618625e+00 2.100000000000000000e+01 -6.500000000000000000e+00
0.000000000000000000e+00 -4.489795918367346594e+00 1.200000000000000000e+01 -1.612500000000000000e+01
0.000000000000000000e+00 -4.303854875283447790e+00 2.466666666666666785e+01 -3.895833333333332149e+00
0.000000000000000000e+00 -4.248299319727891543e+00 2.350000000000000000e+01 -4.278645833333332149e+00
0.000000000000000000e+00 -4.255442176870747772e+00 2.550000000000000000e+01 -1.781250000000003553e+00
0.000000000000000000e+00 -4.619047619047618625e+00 1.000000000000000000e+01 -1.750000000000000000e+01
1.000000000000000000e+00 -3.489795918367346594e+00 1.500000000000000000e+01 -1.312500000000000000e+01
1.000000000000000000e+00 -3.303854875283447790e+00 1.300000000000000000e+01 -1.556250000000000000e+01
7.500000000000000000e-01 -3.498299319727891543e+00 1.750000000000000000e+01 -1.027864583333333215e+01
1.600000000000000089e+00 -2.655442176870747684e+00 2.060000000000000142e+01 -6.681250000000002132e+00
0.000000000000000000e+00 -4.619047619047618625e+00 1.900000000000000000e+01 -8.500000000000000000e+00
1.000000000000000000e+00 -3.489795918367346594e+00 1.900000000000000000e+01 -9.125000000000000000e+00
1.333333333333333259e+00 -2.970521541950114752e+00 2.166666666666666785e+01 -6.895833333333332149e+00
1.250000000000000000e+00 -2.998299319727891543e+00 1.775000000000000000e+01 -1.002864583333333215e+01
0.000000000000000000e+00 -4.619047619047618625e+00 2.000000000000000000e+01 -7.500000000000000000e+00
2.000000000000000000e+00 -2.489795918367346594e+00 1.800000000000000000e+01 -1.012500000000000000e+01
2.000000000000000000e+00 -2.303854875283447790e+00 1.933333333333333215e+01 -9.229166666666667851e+00
4.750000000000000000e+00 5.017006802721084568e-01 1.625000000000000000e+01 -1.152864583333333215e+01
1.400000000000000000e+01 9.380952380952381375e+00 2.600000000000000000e+01 -1.500000000000000000e+00
9.000000000000000000e+00 4.510204081632653406e+00 1.950000000000000000e+01 -8.625000000000000000e+00
8.333333333333333925e+00 4.029478458049886136e+00 2.000000000000000000e+01 -8.562500000000000000e+00
7.000000000000000000e+00 2.751700680272108457e+00 1.600000000000000000e+01 -1.177864583333333215e+01
6.799999999999999822e+00 2.544557823129252050e+00 2.880000000000000071e+01 1.518749999999997158e+00
9.000000000000000000e+00 4.380952380952381375e+00 1.500000000000000000e+01 -1.250000000000000000e+01
8.000000000000000000e+00 3.510204081632653406e+00 2.100000000000000000e+01 -7.125000000000000000e+00
9.333333333333333925e+00 5.029478458049886136e+00 1.666666666666666785e+01 -1.189583333333333215e+01
1.200000000000000000e+01 7.744557823129252228e+00 2.780000000000000071e+01 5.187499999999971578e-01
0.000000000000000000e+00 -4.619047619047618625e+00 4.000000000000000000e+01 1.250000000000000000e+01
0.000000000000000000e+00 -4.489795918367346594e+00 2.350000000000000000e+01 -4.625000000000000000e+00
0.000000000000000000e+00 -4.303854875283447790e+00 3.333333333333333570e+01 4.770833333333335702e+00
0.000000000000000000e+00 -4.248299319727891543e+00 2.350000000000000000e+01 -4.278645833333332149e+00
0.000000000000000000e+00 -4.255442176870747772e+00 1.960000000000000142e+01 -7.681250000000002132e+00
9.000000000000000000e+00 4.380952380952381375e+00 2.300000000000000000e+01 -4.500000000000000000e+00
8.000000000000000000e+00 3.510204081632653406e+00 1.350000000000000000e+01 -1.462500000000000000e+01
6.000000000000000000e+00 1.696145124716552210e+00 2.533333333333333215e+01 -3.229166666666667851e+00
5.750000000000000000e+00 1.501700680272108457e+00 2.050000000000000000e+01 -7.278645833333332149e+00
5.599999999999999645e+00 1.344557823129251872e+00 1.500000000000000000e+01 -1.228125000000000355e+01
0.000000000000000000e+00 -4.619047619047618625e+00 1.700000000000000000e+01 -1.050000000000000000e+01
0.000000000000000000e+00 -4.489795918367346594e+00 2.000000000000000000e+01 -8.125000000000000000e+00
0.000000000000000000e+00 -4.303854875283447790e+00 1.666666666666666785e+01 -1.189583333333333215e+01
0.000000000000000000e+00 -4.248299319727891543e+00 2.100000000000000000e+01 -6.778645833333332149e+00
0.000000000000000000e+00 -4.255442176870747772e+00 1.650000000000000000e+01 -1.078125000000000355e+01
0.000000000000000000e+00 -4.619047619047618625e+00 3.100000000000000000e+01 3.500000000000000000e+00
0.000000000000000000e+00 -4.489795918367346594e+00 1.750000000000000000e+01 -1.062500000000000000e+01
0.000000000000000000e+00 -4.303854875283447790e+00 2.400000000000000000e+01 -4.562500000000000000e+00
0.000000000000000000e+00 -4.248299319727891543e+00 2.175000000000000000e+01 -6.028645833333332149e+00
1.000000000000000000e+00 -3.255442176870747772e+00 1.700000000000000000e+01 -1.028125000000000355e+01
0.000000000000000000e+00 -4.619047619047618625e+00 2.500000000000000000e+01 -2.500000000000000000e+00
0.000000000000000000e+00 -4.489795918367346594e+00 2.550000000000000000e+01 -2.625000000000000000e+00
0.000000000000000000e+00 -4.303854875283447790e+00 1.600000000000000000e+01 -1.256250000000000000e+01
0.000000000000000000e+00 -4.255442176870747772e+00 1.919999999999999929e+01 -8.081250000000004263e+00
0.000000000000000000e+00 -4.619047619047618625e+00 2.200000000000000000e+01 -5.500000000000000000e+00
0.000000000000000000e+00 -4.489795918367346594e+00 2.050000000000000000e+01 -7.625000000000000000e+00
0.000000000000000000e+00 -4.303854875283447790e+00 2.133333333333333215e+01 -7.229166666666667851e+00
0.000000000000000000e+00 -4.248299319727891543e+00 1.925000000000000000e+01 -8.528645833333332149e+00
-4.000000000000000222e-01 -4.655442176870748128e+00 2.239999999999999858e+01 -4.881250000000004974e+00
0.000000000000000000e+00 -4.619047619047618625e+00 3.200000000000000000e+01 4.500000000000000000e+00
0.000000000000000000e+00 -4.489795918367346594e+00 1.600000000000000000e+01 -1.212500000000000000e+01
0.000000000000000000e+00 -4.303854875283447790e+00 1.700000000000000000e+01 -1.156250000000000000e+01
0.000000000000000000e+00 -4.248299319727891543e+00 1.400000000000000000e+01 -1.377864583333333215e+01
2.000000000000000111e-01 -4.055442176870747595e+00 1.900000000000000000e+01 -8.281250000000003553e+00
0.000000000000000000e+00 -4.619047619047618625e+00 1.200000000000000000e+01 -1.550000000000000000e+01
0.000000000000000000e+00 -4.489795918367346594e+00 1.800000000000000000e+01 -1.012500000000000000e+01
0.000000000000000000e+00 -4.303854875283447790e+00 1.700000000000000000e+01 -1.156250000000000000e+01
0.000000000000000000e+00 -4.248299319727891543e+00 1.275000000000000000e+01 -1.502864583333333215e+01
0.000000000000000000e+00 -4.255442176870747772e+00 1.180000000000000071e+01 -1.548125000000000284e+01
1.300000000000000000e+01 8.380952380952381375e+00 4.000000000000000000e+01 1.250000000000000000e+01
8.500000000000000000e+00 4.010204081632653406e+00 2.350000000000000000e+01 -4.625000000000000000e+00
5.666666666666666963e+00 1.362811791383219173e+00 3.333333333333333570e+01 4.770833333333335702e+00
7.500000000000000000e+00 3.251700680272108457e+00 2.350000000000000000e+01 -4.278645833333332149e+00
6.400000000000000355e+00 2.144557823129252583e+00 1.960000000000000142e+01 -7.681250000000002132e+00
0.000000000000000000e+00 -4.619047619047618625e+00 1.200000000000000000e+01 -1.550000000000000000e+01
0.000000000000000000e+00 -4.489795918367346594e+00 1.800000000000000000e+01 -1.012500000000000000e+01
0.000000000000000000e+00 -4.303854875283447790e+00 1.700000000000000000e+01 -1.156250000000000000e+01
0.000000000000000000e+00 -4.248299319727891543e+00 1.275000000000000000e+01 -1.502864583333333215e+01
0.000000000000000000e+00 -4.255442176870747772e+00 1.180000000000000071e+01 -1.548125000000000284e+01
2.000000000000000000e+00 -2.619047619047618625e+00 1.400000000000000000e+01 -1.350000000000000000e+01
8.000000000000000000e+00 3.510204081632653406e+00 1.600000000000000000e+01 -1.212500000000000000e+01
1.000000000000000000e+01 5.696145124716552210e+00 2.033333333333333215e+01 -8.229166666666667851e+00
8.500000000000000000e+00 4.251700680272108457e+00 2.500000000000000000e+01 -2.778645833333332149e+00
7.000000000000000000e+00 2.744557823129252228e+00 2.100000000000000000e+01 -6.281250000000003553e+00
0.000000000000000000e+00 -4.619047619047618625e+00 2.000000000000000000e+01 -7.500000000000000000e+00
0.000000000000000000e+00 -4.489795918367346594e+00 2.950000000000000000e+01 1.375000000000000000e+00
0.000000000000000000e+00 -4.303854875283447790e+00 2.300000000000000000e+01 -5.562500000000000000e+00
0.000000000000000000e+00 -4.255442176870747772e+00 2.180000000000000071e+01 -5.481250000000002842e+00
5.000000000000000000e+00 3.809523809523813753e-01 2.400000000000000000e+01 -3.500000000000000000e+00
2.500000000000000000e+00 -1.989795918367346594e+00 1.200000000000000000e+01 -1.612500000000000000e+01
1.666666666666666741e+00 -2.637188208616780827e+00 1.833333333333333215e+01 -1.022916666666666785e+01
1.750000000000000000e+00 -2.498299319727891543e+00 1.425000000000000000e+01 -1.352864583333333215e+01
2.399999999999999911e+00 -1.855442176870747861e+00 2.325000000000000000e+01 -4.031250000000003553e+00
9.000000000000000000e+00 4.380952380952381375e+00 2.200000000000000000e+01 -5.500000000000000000e+00
4.500000000000000000e+00 1.020408163265340562e-02 2.050000000000000000e+01 -7.625000000000000000e+00
6.666666666666666963e+00 2.362811791383219173e+00 2.133333333333333215e+01 -7.229166666666667851e+00
5.250000000000000000e+00 1.001700680272108457e+00 1.925000000000000000e+01 -8.528645833333332149e+00
4.599999999999999645e+00 3.445578231292518723e-01 2.239999999999999858e+01 -4.881250000000004974e+00
0.000000000000000000e+00 -4.619047619047618625e+00 2.000000000000000000e+01 -7.500000000000000000e+00
1.000000000000000000e+00 -3.489795918367346594e+00 1.800000000000000000e+01 -1.012500000000000000e+01
1.333333333333333259e+00 -2.970521541950114752e+00 1.933333333333333215e+01 -9.229166666666667851e+00
1.000000000000000000e+00 -3.248299319727891543e+00 1.625000000000000000e+01 -1.152864583333333215e+01
1.700000000000000000e+01 1.238095238095238138e+01 2.900000000000000000e+01 1.500000000000000000e+00
1.350000000000000000e+01 9.010204081632654294e+00 1.900000000000000000e+01 -9.125000000000000000e+00
1.600000000000000000e+01 1.169614512471655132e+01 1.733333333333333215e+01 -1.122916666666666785e+01
1.825000000000000000e+01 1.400170068027210846e+01 3.275000000000000000e+01 4.971354166666667851e+00
1.619999999999999929e+01 1.194455782312925152e+01 2.419999999999999929e+01 -3.081250000000004263e+00
0.000000000000000000e+00 -4.619047619047618625e+00 1.500000000000000000e+01 -1.250000000000000000e+01
1.000000000000000000e+00 -3.489795918367346594e+00 2.100000000000000000e+01 -7.125000000000000000e+00
2.666666666666666519e+00 -1.637188208616781271e+00 1.666666666666666785e+01 -1.189583333333333215e+01
5.000000000000000000e+00 7.445578231292522275e-01 2.780000000000000071e+01 5.187499999999971578e-01
0.000000000000000000e+00 -4.619047619047618625e+00 1.000000000000000000e+01 -1.750000000000000000e+01
0.000000000000000000e+00 -4.489795918367346594e+00 1.500000000000000000e+01 -1.312500000000000000e+01
0.000000000000000000e+00 -4.303854875283447790e+00 1.300000000000000000e+01 -1.556250000000000000e+01
0.000000000000000000e+00 -4.248299319727891543e+00 1.750000000000000000e+01 -1.027864583333333215e+01
0.000000000000000000e+00 -4.255442176870747772e+00 2.060000000000000142e+01 -6.681250000000002132e+00
6.000000000000000000e+00 1.380952380952381375e+00 2.400000000000000000e+01 -3.500000000000000000e+00
4.000000000000000000e+00 -4.897959183673465944e-01 1.200000000000000000e+01 -1.612500000000000000e+01
3.666666666666666519e+00 -6.371882086167812709e-01 1.833333333333333215e+01 -1.022916666666666785e+01
3.000000000000000000e+00 -1.248299319727891543e+00 1.425000000000000000e+01 -1.352864583333333215e+01
5.400000000000000355e+00 1.144557823129252583e+00 2.325000000000000000e+01 -4.031250000000003553e+00
2.000000000000000000e+00 -2.619047619047618625e+00 3.100000000000000000e+01 3.500000000000000000e+00
1.500000000000000000e+00 -2.989795918367346594e+00 1.750000000000000000e+01 -1.062500000000000000e+01
1.000000000000000000e+00 -3.303854875283447790e+00 2.400000000000000000e+01 -4.562500000000000000e+00
4.000000000000000000e+00 -2.482993197278915432e-01 2.175000000000000000e+01 -6.028645833333332149e+00
3.600000000000000089e+00 -6.554421768707476836e-01 1.700000000000000000e+01 -1.028125000000000355e+01
0.000000000000000000e+00 -4.619047619047618625e+00 3.700000000000000000e+01 9.500000000000000000e+00
0.000000000000000000e+00 -4.489795918367346594e+00 1.350000000000000000e+01 -1.462500000000000000e+01
6.666666666666666297e-01 -3.637188208616781271e+00 1.866666666666666785e+01 -9.895833333333332149e+00
3.500000000000000000e+00 -7.482993197278915432e-01 2.600000000000000000e+01 -1.778645833333332149e+00
3.000000000000000000e+00 -1.255442176870747772e+00 2.039999999999999858e+01 -6.881250000000004974e+00
0.000000000000000000e+00 -4.619047619047618625e+00 2.800000000000000000e+01 5.000000000000000000e-01
0.000000000000000000e+00 -4.489795918367346594e+00 3.400000000000000000e+01 5.875000000000000000e+00
0.000000000000000000e+00 -4.303854875283447790e+00 1.166666666666666607e+01 -1.689583333333333570e+01
0.000000000000000000e+00 -4.248299319727891543e+00 2.425000000000000000e+01 -3.528645833333332149e+00
0.000000000000000000e+00 -4.255442176870747772e+00 2.460000000000000142e+01 -2.681250000000002132e+00
0.000000000000000000e+00 -4.619047619047618625e+00 2.000000000000000000e+01 -7.500000000000000000e+00
0.000000000000000000e+00 -4.489795918367346594e+00 1.800000000000000000e+01 -1.012500000000000000e+01
0.000000000000000000e+00 -4.303854875283447790e+00 1.933333333333333215e+01 -9.229166666666667851e+00
7.500000000000000000e-01 -3.498299319727891543e+00 1.625000000000000000e+01 -1.152864583333333215e+01
1.100000000000000000e+01 6.380952380952381375e+00 3.100000000000000000e+01 3.500000000000000000e+00
5.500000000000000000e+00 1.010204081632653406e+00 1.750000000000000000e+01 -1.062500000000000000e+01
6.000000000000000000e+00 1.696145124716552210e+00 2.400000000000000000e+01 -4.562500000000000000e+00
6.250000000000000000e+00 2.001700680272108457e+00 2.175000000000000000e+01 -6.028645833333332149e+00
5.599999999999999645e+00 1.344557823129251872e+00 1.700000000000000000e+01 -1.028125000000000355e+01
3.000000000000000000e+00 -1.619047619047618625e+00 1.500000000000000000e+01 -1.250000000000000000e+01
2.000000000000000000e+00 -2.489795918367346594e+00 2.100000000000000000e+01 -7.125000000000000000e+00
1.333333333333333259e+00 -2.970521541950114752e+00 1.666666666666666785e+01 -1.189583333333333215e+01
1.000000000000000000e+00 -3.255442176870747772e+00 2.780000000000000071e+01 5.187499999999971578e-01
3.000000000000000000e+00 -1.619047619047618625e+00 1.400000000000000000e+01 -1.350000000000000000e+01
2.500000000000000000e+00 -1.989795918367346594e+00 1.600000000000000000e+01 -1.212500000000000000e+01
5.000000000000000000e+00 6.961451247165522105e-01 2.033333333333333215e+01 -8.229166666666667851e+00
5.500000000000000000e+00 1.251700680272108457e+00 2.500000000000000000e+01 -2.778645833333332149e+00
5.599999999999999645e+00 1.344557823129251872e+00 2.100000000000000000e+01 -6.281250000000003553e+00
5.000000000000000000e+00 3.809523809523813753e-01 2.500000000000000000e+01 -2.500000000000000000e+00
1.050000000000000000e+01 6.010204081632653406e+00 2.550000000000000000e+01 -2.625000000000000000e+00
9.666666666666666075e+00 5.362811791383218285e+00 1.600000000000000000e+01 -1.256250000000000000e+01
1.050000000000000000e+01 6.244557823129252228e+00 1.919999999999999929e+01 -8.081250000000004263e+00
2.000000000000000000e+00 -2.619047619047618625e+00 2.100000000000000000e+01 -6.500000000000000000e+00
1.000000000000000000e+00 -3.489795918367346594e+00 1.200000000000000000e+01 -1.612500000000000000e+01
1.666666666666666741e+00 -2.637188208616780827e+00 2.466666666666666785e+01 -3.895833333333332149e+00
2.000000000000000000e+00 -2.248299319727891543e+00 2.350000000000000000e+01 -4.278645833333332149e+00
3.399999999999999911e+00 -8.554421768707478613e-01 2.550000000000000000e+01 -1.781250000000003553e+00
0.000000000000000000e+00 -4.619047619047618625e+00 1.400000000000000000e+01 -1.350000000000000000e+01
0.000000000000000000e+00 -4.489795918367346594e+00 1.600000000000000000e+01 -1.212500000000000000e+01
0.000000000000000000e+00 -4.303854875283447790e+00 2.033333333333333215e+01 -8.229166666666667851e+00
0.000000000000000000e+00 -4.248299319727891543e+00 2.500000000000000000e+01 -2.778645833333332149e+00
0.000000000000000000e+00 -4.255442176870747772e+00 2.100000000000000000e+01 -6.281250000000003553e+00
0.000000000000000000e+00 -4.619047619047618625e+00 1.300000000000000000e+01 -1.450000000000000000e+01
0.000000000000000000e+00 -4.489795918367346594e+00 2.300000000000000000e+01 -5.125000000000000000e+00
0.000000000000000000e+00 -4.303854875283447790e+00 2.533333333333333215e+01 -3.229166666666667851e+00
0.000000000000000000e+00 -4.255442176870747772e+00 2.750000000000000000e+01 2.187499999999964473e-01
0.000000000000000000e+00 -4.619047619047618625e+00 1.900000000000000000e+01 -8.500000000000000000e+00
3.000000000000000000e+00 -1.489795918367346594e+00 2.050000000000000000e+01 -7.625000000000000000e+00
2.666666666666666519e+00 -1.637188208616781271e+00 1.733333333333333215e+01 -1.122916666666666785e+01
3.750000000000000000e+00 -5.054421768707477725e-01 2.160000000000000142e+01 -5.681250000000002132e+00
