7.000000000000000000e+00 9.259259259259255970e-01 7.000000000000000000e+00 -1.718750000000000000e+00
1.000000000000000000e+01 3.277777777777777679e+00 1.300000000000000000e+01 3.781250000000000000e+00
1.233333333333333393e+01 5.148148148148147918e+00 7.666666666666666963e+00 -1.864583333333334814e+00
1.225000000000000000e+01 4.993827160493826689e+00 1.875000000000000000e+01 8.966145833333333925e+00
1.340000000000000036e+01 5.679629629629631360e+00 8.800000000000000711e+00 -1.610937500000000355e+00
1.200000000000000000e+01 4.182716049382714907e+00 9.166666666666666075e+00 -1.161458333333333925e+00
1.171428571428571352e+01 3.776895943562611713e+00 8.428571428571428825e+00 -1.955357142857144126e+00
1.137500000000000000e+01 3.415343915343914460e+00 1.000000000000000000e+01 -2.633928571428576504e-01
1.055555555555555536e+01 2.716460905349793897e+00 7.555555555555555358e+00 -2.568750000000003197e+00
1.050000000000000000e+01 2.589898989898989257e+00 1.419999999999999929e+01 3.970738636363638108e+00
1.018181818181818166e+01 2.252525252525253485e+00 7.090909090909090828e+00 -3.147727272727272485e+00
9.750000000000000000e+00 1.811728395061728669e+00 1.416666666666666607e+01 4.057291666666667851e+00
1.030769230769230838e+01 2.373219373219375150e+00 1.507692307692307665e+01 5.057692307692308376e+00
1.021428571428571352e+01 2.156084656084654938e+00 7.214285714285714413e+00 -2.919642857142853209e+00
1.046666666666666679e+01 2.429629629629630472e+00 9.133333333333332860e+00 -9.687500000000000000e-01
1.056250000000000000e+01 2.581018518518518157e+00 8.562500000000000000e+00 -1.492187500000000000e+00
1.000000000000000000e+00 -5.074074074074074403e+00 1.000000000000000000e+00 -7.718750000000000000e+00
6.000000000000000000e+00 -7.222222222222223209e-01 1.150000000000000000e+01 2.281250000000000000e+00
7.333333333333333037e+00 1.481481481481470297e-01 1.200000000000000000e+01 2.468749999999998224e+00
7.500000000000000000e+00 -2.203703703703689953e-01 1.519999999999999929e+01 4.789062499999998224e+00
7.000000000000000000e+00 -8.172839506172850932e-01 7.599999999999999645e+00 -2.728125000000000355e+00
8.166666666666666075e+00 2.292768959435642628e-01 7.285714285714285587e+00 -3.098214285714287364e+00
8.000000000000000000e+00 4.034391534391446044e-02 1.557142857142857117e+01 5.308035714285713524e+00
8.500000000000000000e+00 5.843621399176965880e-01 1.125000000000000000e+01 1.011284722222221433e+00
8.111111111111110716e+00 2.720164609053492555e-01 5.111111111111110716e+00 -5.013194444444447839e+00
8.000000000000000000e+00 8.989898989898925663e-02 7.099999999999999645e+00 -3.129261363636361537e+00
8.181818181818181657e+00 2.525252525252534852e-01 9.909090909090908283e+00 -3.295454545454550299e-01
8.250000000000000000e+00 3.117283950617286692e-01 1.533333333333333393e+01 5.223958333333335702e+00
8.153846153846153300e+00 2.193732193732200741e-01 1.500000000000000000e+01 4.980769230769231726e+00
8.500000000000000000e+00 4.417989417989414136e-01 1.021428571428571352e+01 8.035714285714590233e-02
8.333333333333333925e+00 2.962962962962976121e-01 1.419999999999999929e+01 4.097916666666666430e+00
8.000000000000000000e+00 1.851851851851815667e-02 1.037500000000000000e+01 3.203125000000000000e-01
1.200000000000000000e+01 5.925925925925925597e+00 1.700000000000000000e+01 8.281250000000000000e+00
8.000000000000000000e+00 1.277777777777777679e+00 3.500000000000000000e+00 -5.718750000000000000e+00
8.666666666666666075e+00 1.481481481481480067e+00 1.100000000000000000e+01 1.468749999999998224e+00
8.750000000000000000e+00 1.493827160493826689e+00 1.150000000000000000e+01 1.716145833333333925e+00
9.599999999999999645e+00 1.879629629629630649e+00 1.140000000000000036e+01 9.890624999999992895e-01
9.000000000000000000e+00 1.182716049382714907e+00 9.599999999999999645e+00 -7.281250000000003553e-01
9.571428571428571175e+00 1.634038800705469363e+00 7.428571428571428825e+00 -2.955357142857144126e+00
1.000000000000000000e+01 2.040343915343914460e+00 8.000000000000000000e+00 -2.263392857142857650e+00
1.066666666666666607e+01 2.751028806584362663e+00 1.562500000000000000e+01 5.386284722222221433e+00
9.699999999999999289e+00 1.789898989898988546e+00 8.545454545454544970e+00 -1.683806818181816212e+00
9.090909090909091717e+00 1.161616161616163545e+00 9.181818181818181657e+00 -1.056818181818181657e+00
8.583333333333333925e+00 6.450617283950625946e-01 9.333333333333333925e+00 -7.760416666666642982e-01
9.153846153846153300e+00 1.219373219373220074e+00 7.846153846153845812e+00 -2.173076923076922462e+00
9.214285714285713524e+00 1.156084656084654938e+00 7.785714285714285587e+00 -2.348214285714282035e+00
8.933333333333333570e+00 8.962962962962972568e-01 8.533333333333333215e+00 -1.568749999999999645e+00
8.812500000000000000e+00 8.310185185185181567e-01 9.000000000000000000e+00 -1.054687500000000000e+00
7.000000000000000000e+00 9.259259259259255970e-01 7.000000000000000000e+00 -1.718750000000000000e+00
9.500000000000000000e+00 2.777777777777777679e+00 2.050000000000000000e+01 1.128125000000000000e+01
6.000000000000000000e+00 -1.185185185185186008e+00 6.000000000000000000e+00 -3.531250000000001776e+00
4.500000000000000000e+00 -2.756172839506173311e+00 1.200000000000000000e+01 2.216145833333333925e+00
4.200000000000000178e+00 -3.520370370370368818e+00 1.960000000000000142e+01 9.189062500000000355e+00
4.000000000000000000e+00 -3.817283950617285093e+00 1.066666666666666607e+01 3.385416666666660745e-01
5.000000000000000000e+00 -2.937389770723101812e+00 8.166666666666666075e+00 -2.217261904761906877e+00
6.625000000000000000e+00 -1.334656084656085540e+00 1.737500000000000000e+01 7.111607142857142350e+00
6.555555555555555358e+00 -1.283539094650206103e+00 6.111111111111110716e+00 -4.013194444444447839e+00
6.900000000000000355e+00 -1.010101010101010388e+00 6.700000000000000178e+00 -3.529261363636361004e+00
6.909090909090909172e+00 -1.020202020202019000e+00 7.272727272727272485e+00 -2.965909090909090828e+00
6.833333333333333037e+00 -1.104938271604938294e+00 9.083333333333333925e+00 -1.026041666666664298e+00
6.461538461538461675e+00 -1.472934472934471550e+00 7.076923076923076650e+00 -2.942307692307691624e+00
6.000000000000000000e+00 -2.058201058201058586e+00 6.714285714285714413e+00 -3.419642857142853209e+00
6.599999999999999645e+00 -1.437037037037036669e+00 1.726666666666666572e+01 7.164583333333332860e+00
6.625000000000000000e+00 -1.356481481481481843e+00 8.812500000000000000e+00 -1.242187500000000000e+00
4.000000000000000000e+00 -2.074074074074074403e+00 4.000000000000000000e+00 -4.718750000000000000e+00
6.000000000000000000e+00 -7.222222222222223209e-01 8.500000000000000000e+00 -7.187500000000000000e-01
8.333333333333333925e+00 1.148148148148147918e+00 8.666666666666666075e+00 -8.645833333333357018e-01
1.125000000000000000e+01 3.529629629629631005e+00 2.119999999999999929e+01 1.078906249999999822e+01
1.200000000000000000e+01 4.182716049382714907e+00 1.033333333333333393e+01 5.208333333333925452e-03
1.100000000000000000e+01 3.062610229276898188e+00 7.571428571428571175e+00 -2.812500000000001776e+00
1.157142857142857117e+01 3.611772486772485635e+00 9.142857142857142350e+00 -1.120535714285715301e+00
1.112500000000000000e+01 3.209362139917696588e+00 1.012500000000000000e+01 -1.137152777777785673e-01
1.044444444444444464e+01 2.605349794238683181e+00 1.700000000000000000e+01 6.875694444444441444e+00
1.030000000000000071e+01 2.389898989898989967e+00 9.500000000000000000e+00 -7.292613636363611818e-01
1.009090909090909172e+01 2.161616161616163545e+00 9.636363636363636687e+00 -6.022727272727266268e-01
9.750000000000000000e+00 1.811728395061728669e+00 1.766666666666666785e+01 7.557291666666669627e+00
9.846153846153846700e+00 1.911680911680913475e+00 1.107692307692307665e+01 1.057692307692308376e+00
9.785714285714286476e+00 1.727513227513227889e+00 7.785714285714285587e+00 -2.348214285714282035e+00
9.599999999999999645e+00 1.562962962962963331e+00 8.533333333333333215e+00 -1.568749999999999645e+00
9.562500000000000000e+00 1.581018518518518157e+00 9.062500000000000000e+00 -9.921875000000000000e-01
3.000000000000000000e+00 -3.074074074074074403e+00 3.000000000000000000e+00 -5.718750000000000000e+00
5.000000000000000000e+00 -1.722222222222222321e+00 5.500000000000000000e+00 -3.718750000000000000e+00
6.666666666666666963e+00 -5.185185185185190448e-01 7.666666666666666963e+00 -1.864583333333334814e+00
8.500000000000000000e+00 1.243827160493826689e+00 1.000000000000000000e+01 2.161458333333339255e-01
8.800000000000000711e+00 1.079629629629631715e+00 5.599999999999999645e+00 -4.810937500000001421e+00
9.500000000000000000e+00 1.682716049382714907e+00 8.833333333333333925e+00 -1.494791666666666075e+00
1.042857142857142883e+01 2.491181657848327013e+00 2.142857142857142705e+01 1.104464285714285410e+01
9.875000000000000000e+00 1.959362139917696588e+00 8.375000000000000000e+00 -1.863715277777778567e+00
8.777777777777778567e+00 9.386831275720171064e-01 5.700000000000000178e+00 -4.424305555555558378e+00
9.400000000000000355e+00 1.489898989898989612e+00 1.269999999999999929e+01 2.470738636363638108e+00
8.818181818181818343e+00 8.888888888888901718e-01 1.627272727272727337e+01 6.034090909090910060e+00
9.750000000000000000e+00 1.811728395061728669e+00 1.458333333333333393e+01 4.473958333333335702e+00
9.230769230769229949e+00 1.296296296296296724e+00 7.461538461538461675e+00 -2.557692307692306599e+00
9.500000000000000000e+00 1.441798941798941414e+00 8.785714285714286476e+00 -1.348214285714281147e+00
9.666666666666666075e+00 1.629629629629629761e+00 1.406666666666666643e+01 3.964583333333333570e+00
9.812500000000000000e+00 1.831018518518518157e+00 8.500000000000000000e+00 -1.554687500000000000e+00
3.000000000000000000e+00 -3.074074074074074403e+00 3.000000000000000000e+00 -5.718750000000000000e+00
7.500000000000000000e+00 7.777777777777776791e-01 9.500000000000000000e+00 2.812500000000000000e-01
9.333333333333333925e+00 2.148148148148147918e+00 8.000000000000000000e+00 -1.531250000000001776e+00
9.750000000000000000e+00 2.493827160493826689e+00 9.000000000000000000e+00 -7.838541666666660745e-01
9.400000000000000355e+00 1.679629629629631360e+00 7.599999999999999645e+00 -2.810937500000001421e+00
9.166666666666666075e+00 1.349382716049380981e+00 7.666666666666666963e+00 -2.661458333333333037e+00
9.428571428571428825e+00 1.491181657848327013e+00 9.833333333333333925e+00 -5.505952380952390257e-01
8.750000000000000000e+00 7.903439153439144604e-01 1.414285714285714235e+01 3.879464285714284699e+00
8.555555555555555358e+00 6.399176954732519462e-01 1.411111111111111072e+01 3.872395833333332149e+00
8.099999999999999645e+00 2.609053497942381838e-01 8.777777777777778567e+00 -1.346527777777779988e+00
8.818181818181818343e+00 9.080808080808075999e-01 9.400000000000000355e+00 -8.292613636363608265e-01
8.666666666666666075e+00 7.283950617283947437e-01 1.108333333333333393e+01 9.739583333333357018e-01
8.615384615384614975e+00 6.809116809116817493e-01 1.561538461538461497e+01 5.596153846153846700e+00
8.714285714285713524e+00 6.560846560846549380e-01 8.071428571428571175e+00 -2.062499999999996447e+00
9.066666666666666430e+00 1.029629629629630116e+00 9.133333333333332860e+00 -9.687500000000000000e-01
9.125000000000000000e+00 1.143518518518518157e+00 6.875000000000000000e+00 -3.179687500000000000e+00
0.000000000000000000e+00 -6.074074074074074403e+00 4.000000000000000000e+00 -4.718750000000000000e+00
1.500000000000000000e+00 -5.222222222222222321e+00 3.000000000000000000e+00 -6.218750000000000000e+00
2.666666666666666519e+00 -4.518518518518519045e+00 3.000000000000000000e+00 -6.531250000000001776e+00
3.250000000000000000e+00 -4.006172839506173311e+00 4.500000000000000000e+00 -5.283854166666666075e+00
4.400000000000000355e+00 -3.320370370370368640e+00 6.000000000000000000e+00 -4.410937500000001066e+00
5.166666666666666963e+00 -2.650617283950618130e+00 2.066666666666666785e+01 1.033854166666666785e+01
5.285714285714285587e+00 -2.651675485008816224e+00 8.428571428571428825e+00 -1.955357142857144126e+00
5.125000000000000000e+00 -2.834656084656085540e+00 5.125000000000000000e+00 -5.138392857142857650e+00
5.666666666666666963e+00 -2.172427983539094498e+00 1.144444444444444464e+01 1.320138888888886086e+00
5.200000000000000178e+00 -2.710101010101010566e+00 1.580000000000000071e+01 5.570738636363639529e+00
5.454545454545454142e+00 -2.474747474747474030e+00 7.909090909090909172e+00 -2.329545454545454142e+00
6.083333333333333037e+00 -1.854938271604938294e+00 8.833333333333333925e+00 -1.276041666666664298e+00
6.384615384615385025e+00 -1.549857549857548200e+00 8.461538461538461675e+00 -1.557692307692306599e+00
6.642857142857143238e+00 -1.415343915343915349e+00 9.000000000000000000e+00 -1.133928571428567622e+00
6.466666666666666785e+00 -1.570370370370369528e+00 1.573333333333333250e+01 5.631249999999999645e+00
6.312500000000000000e+00 -1.668981481481481843e+00 7.125000000000000000e+00 -2.929687500000000000e+00
4.000000000000000000e+00 -2.074074074074074403e+00 4.000000000000000000e+00 -4.718750000000000000e+00
4.500000000000000000e+00 -2.222222222222222321e+00 6.000000000000000000e+00 -3.218750000000000000e+00
7.333333333333333037e+00 1.481481481481470297e-01 1.866666666666666785e+01 9.135416666666666075e+00
7.750000000000000000e+00 4.938271604938266890e-01 1.125000000000000000e+01 1.466145833333333925e+00
9.199999999999999289e+00 1.479629629629630294e+00 1.000000000000000000e+01 -4.109375000000010658e-01
8.666666666666666075e+00 8.493827160493809814e-01 6.500000000000000000e+00 -3.828125000000000000e+00
8.142857142857142350e+00 2.054673721340405379e-01 8.714285714285713524e+00 -1.669642857142859427e+00
9.857142857142857650e+00 1.897486772486772111e+00 8.125000000000000000e+00 -2.138392857142857650e+00
1.012500000000000000e+01 2.209362139917696588e+00 9.111111111111110716e+00 -1.127604166666667851e+00
8.599999999999999645e+00 6.898989898989889014e-01 1.889999999999999858e+01 8.670738636363637397e+00
8.545454545454544970e+00 6.161616161616167986e-01 7.636363636363636687e+00 -2.602272727272726627e+00
8.166666666666666075e+00 2.283950617283947437e-01 1.791666666666666785e+01 7.807291666666669627e+00
8.153846153846153300e+00 2.193732193732200741e-01 9.000000000000000000e+00 -1.019230769230768274e+00
8.142857142857142350e+00 8.465608465608376321e-02 7.857142857142856762e+00 -2.276785714285710860e+00
7.599999999999999645e+00 -4.370370370370366686e-01 7.333333333333333037e+00 -2.768749999999999822e+00
7.500000000000000000e+00 -4.814814814814818433e-01 7.187500000000000000e+00 -2.867187500000000000e+00
0.000000000000000000e+00 -6.074074074074074403e+00 1.200000000000000000e+01 3.281250000000000000e+00
0.000000000000000000e+00 -6.722222222222222321e+00 1.450000000000000000e+01 5.281250000000000000e+00
0.000000000000000000e+00 -7.185185185185186008e+00 1.433333333333333393e+01 4.802083333333332149e+00
0.000000000000000000e+00 -7.256172839506173311e+00 7.500000000000000000e+00 -2.283854166666666075e+00
0.000000000000000000e+00 -7.720370370370368995e+00 1.219999999999999929e+01 1.789062499999998224e+00
0.000000000000000000e+00 -7.817283950617285093e+00 6.500000000000000000e+00 -3.828125000000000000e+00
0.000000000000000000e+00 -7.959656084656085540e+00 8.750000000000000000e+00 -1.513392857142857650e+00
0.000000000000000000e+00 -7.915637860082303412e+00 8.666666666666666075e+00 -1.572048611111112493e+00
0.000000000000000000e+00 -7.839094650205761461e+00 7.299999999999999822e+00 -2.824305555555558733e+00
0.000000000000000000e+00 -7.910101010101010743e+00 5.799999999999999822e+00 -4.429261363636361359e+00
0.000000000000000000e+00 -7.929292929292928171e+00 1.145454545454545503e+01 1.215909090909091717e+00
0.000000000000000000e+00 -7.938271604938271331e+00 6.500000000000000000e+00 -3.609374999999998224e+00
0.000000000000000000e+00 -7.934472934472933225e+00 7.615384615384614975e+00 -2.403846153846153300e+00
0.000000000000000000e+00 -8.058201058201058586e+00 5.500000000000000000e+00 -4.633928571428567622e+00
5.333333333333333259e-01 -7.503703703703703098e+00 7.799999999999999822e+00 -2.302083333333333037e+00
8.750000000000000000e-01 -7.106481481481481843e+00 1.600000000000000000e+01 5.945312500000000000e+00
5.000000000000000000e+00 -1.074074074074074403e+00 1.700000000000000000e+01 8.281250000000000000e+00
6.000000000000000000e+00 -7.222222222222223209e-01 6.000000000000000000e+00 -3.218750000000000000e+00
8.000000000000000000e+00 8.148148148148139924e-01 7.666666666666666963e+00 -1.864583333333334814e+00
9.000000000000000000e+00 1.743827160493826689e+00 5.250000000000000000e+00 -4.533854166666666075e+00
8.000000000000000000e+00 2.796296296296310047e-01 7.200000000000000178e+00 -3.210937500000000888e+00
7.833333333333333037e+00 -1.040564373897687744e-01 1.550000000000000000e+01 5.116071428571427049e+00
7.714285714285714413e+00 -2.453703703703711270e-01 1.662500000000000000e+01 6.361607142857142350e+00
7.250000000000000000e+00 -6.656378600823034120e-01 6.750000000000000000e+00 -3.488715277777778567e+00
7.111111111111110716e+00 -7.279835390946507445e-01 6.799999999999999822e+00 -3.324305555555558733e+00
7.400000000000000355e+00 -5.101010101010103881e-01 1.610000000000000142e+01 5.870738636363640239e+00
7.272727272727272485e+00 -6.565656565656556864e-01 1.545454545454545503e+01 5.215909090909091717e+00
7.583333333333333037e+00 -3.549382716049382935e-01 8.750000000000000000e+00 -1.359374999999998224e+00
7.153846153846154188e+00 -7.806267806267790377e-01 7.000000000000000000e+00 -3.019230769230768274e+00
7.428571428571428825e+00 -6.296296296296297612e-01 9.142857142857142350e+00 -9.910714285714252725e-01
7.333333333333333037e+00 -7.037037037037032761e-01 5.666666666666666963e+00 -4.435416666666665897e+00
7.437500000000000000e+00 -5.439814814814818433e-01 7.875000000000000000e+00 -2.179687500000000000e+00
3.000000000000000000e+00 -3.074074074074074403e+00 3.000000000000000000e+00 -5.718750000000000000e+00
6.000000000000000000e+00 -7.222222222222223209e-01 1.000000000000000000e+01 7.812500000000000000e-01
5.000000000000000000e+00 -2.185185185185186008e+00 4.333333333333333037e+00 -5.197916666666668739e+00
5.500000000000000000e+00 -1.756172839506173311e+00 7.500000000000000000e+00 -2.283854166666666075e+00
6.200000000000000178e+00 -1.520370370370368818e+00 6.000000000000000000e+00 -4.410937500000001066e+00
6.833333333333333037e+00 -9.839506172839520559e-01 1.083333333333333393e+01 5.052083333333339255e-01
7.428571428571428825e+00 -5.088183421516729865e-01 1.957142857142857295e+01 9.187500000000000000e+00
7.375000000000000000e+00 -5.846560846560855396e-01 8.500000000000000000e+00 -1.763392857142857650e+00
7.666666666666666963e+00 -2.489711934156364492e-01 9.875000000000000000e+00 -3.637152777777785673e-01
7.299999999999999822e+00 -5.390946502057616385e-01 9.555555555555555358e+00 -5.687500000000031974e-01
7.727272727272727515e+00 -1.828282828282832284e-01 8.300000000000000711e+00 -1.929261363636360471e+00
7.583333333333333037e+00 -3.549382716049382935e-01 7.500000000000000000e+00 -2.609374999999998224e+00
7.461538461538461675e+00 -4.729344729344715503e-01 8.153846153846153300e+00 -1.865384615384614975e+00
7.071428571428571175e+00 -9.867724867724874116e-01 8.642857142857142350e+00 -1.491071428571425272e+00
7.000000000000000000e+00 -1.037037037037036313e+00 8.933333333333333570e+00 -1.168749999999999289e+00
7.187500000000000000e+00 -7.939814814814818433e-01 8.750000000000000000e+00 -1.304687500000000000e+00
1.400000000000000000e+01 7.925925925925925597e+00 1.900000000000000000e+01 1.028125000000000000e+01
1.000000000000000000e+01 3.277777777777777679e+00 9.000000000000000000e+00 -2.187500000000000000e-01
7.000000000000000000e+00 -1.851851851851860076e-01 4.333333333333333037e+00 -5.197916666666668739e+00
6.250000000000000000e+00 -1.006172839506173311e+00 6.750000000000000000e+00 -3.033854166666666075e+00
7.000000000000000000e+00 -7.203703703703689953e-01 1.000000000000000000e+01 -4.109375000000010658e-01
7.333333333333333037e+00 -4.839506172839520559e-01 9.333333333333333925e+00 -9.947916666666660745e-01
7.428571428571428825e+00 -5.088183421516729865e-01 6.833333333333333037e+00 -3.550595238095239914e+00
7.500000000000000000e+00 -4.596560846560855396e-01 7.000000000000000000e+00 -3.263392857142857650e+00
6.888888888888889284e+00 -1.026748971193414128e+00 1.050000000000000000e+01 2.612847222222214327e-01
7.000000000000000000e+00 -8.390946502057614609e-01 7.888888888888889284e+00 -2.235416666666669272e+00
7.363636363636363313e+00 -5.656565656565648581e-01 9.454545454545455030e+00 -7.840909090909082835e-01
7.416666666666666963e+00 -5.216049382716043681e-01 6.000000000000000000e+00 -4.109374999999998224e+00
7.230769230769230838e+00 -7.037037037037023879e-01 1.500000000000000000e+01 4.980769230769231726e+00
7.357142857142856762e+00 -7.010582010582018242e-01 1.478571428571428648e+01 4.651785714285718853e+00
7.799999999999999822e+00 -2.370370370370364910e-01 1.619999999999999929e+01 6.097916666666666430e+00
7.500000000000000000e+00 -4.814814814814818433e-01 6.687500000000000000e+00 -3.367187500000000000e+00
1.300000000000000000e+01 6.925925925925925597e+00 1.300000000000000000e+01 4.281250000000000000e+00
1.050000000000000000e+01 3.777777777777777679e+00 6.000000000000000000e+00 -3.218750000000000000e+00
1.100000000000000000e+01 3.814814814814813992e+00 1.000000000000000000e+01 4.687499999999982236e-01
9.500000000000000000e+00 2.243827160493826689e+00 1.225000000000000000e+01 2.466145833333333925e+00
9.800000000000000711e+00 2.079629629629631715e+00 9.400000000000000355e+00 -1.010937500000000711e+00
8.500000000000000000e+00 5.626102292768981883e-01 9.571428571428571175e+00 -8.125000000000017764e-01
8.000000000000000000e+00 4.034391534391446044e-02 7.125000000000000000e+00 -3.138392857142857650e+00
8.000000000000000000e+00 8.436213991769658804e-02 8.000000000000000000e+00 -2.238715277777778567e+00
8.000000000000000000e+00 1.609053497942385391e-01 1.555555555555555536e+01 5.431249999999996803e+00
8.000000000000000000e+00 8.989898989898925663e-02 7.599999999999999645e+00 -2.629261363636361537e+00
8.181818181818181657e+00 2.525252525252534852e-01 7.727272727272727515e+00 -2.511363636363635798e+00
8.416666666666666075e+00 4.783950617283947437e-01 1.000000000000000000e+01 -1.093749999999982236e-01
8.461538461538461675e+00 5.270655270655284497e-01 9.153846153846153300e+00 -8.653846153846149747e-01
8.285714285714286476e+00 2.275132275132278892e-01 7.142857142857143238e+00 -2.991071428571424384e+00
7.733333333333333393e+00 -3.037037037037029208e-01 8.400000000000000355e+00 -1.702083333333332504e+00
7.312500000000000000e+00 -6.689814814814818433e-01 9.437500000000000000e+00 -6.171875000000000000e-01
1.000000000000000000e+00 -5.074074074074074403e+00 1.200000000000000000e+01 3.281250000000000000e+00
3.000000000000000000e+00 -3.722222222222222321e+00 6.500000000000000000e+00 -2.718750000000000000e+00
6.000000000000000000e+00 -1.185185185185186008e+00 9.000000000000000000e+00 -5.312500000000017764e-01
6.750000000000000000e+00 -5.061728395061733110e-01 8.250000000000000000e+00 -1.533854166666666075e+00
8.400000000000000355e+00 5.827160493827152621e-01 8.500000000000000000e+00 -1.828125000000000000e+00
9.333333333333333925e+00 1.395943562610232114e+00 1.085714285714285765e+01 4.732142857142846992e-01
8.428571428571428825e+00 4.689153439153432856e-01 6.000000000000000000e+00 -4.263392857142857650e+00
8.250000000000000000e+00 3.343621399176965880e-01 7.111111111111110716e+00 -3.127604166666667851e+00
8.555555555555555358e+00 7.164609053497938973e-01 9.300000000000000711e+00 -8.243055555555578451e-01
9.000000000000000000e+00 1.089898989898989257e+00 1.919999999999999929e+01 8.970738636363638108e+00
9.090909090909091717e+00 1.161616161616163545e+00 8.454545454545455030e+00 -1.784090909090908283e+00
8.500000000000000000e+00 5.617283950617286692e-01 8.583333333333333925e+00 -1.526041666666664298e+00
8.153846153846153300e+00 2.193732193732200741e-01 8.923076923076923350e+00 -1.096153846153844924e+00
8.500000000000000000e+00 4.417989417989414136e-01 7.857142857142856762e+00 -2.276785714285710860e+00
8.466666666666666785e+00 4.296296296296304718e-01 8.199999999999999289e+00 -1.902083333333333570e+00
8.437500000000000000e+00 4.560185185185181567e-01 8.500000000000000000e+00 -1.554687500000000000e+00
4.000000000000000000e+00 -2.074074074074074403e+00 4.000000000000000000e+00 -4.718750000000000000e+00
8.500000000000000000e+00 1.777777777777777679e+00 8.500000000000000000e+00 -7.187500000000000000e-01
6.666666666666666963e+00 -5.185185185185190448e-01 2.033333333333333215e+01 1.080208333333333037e+01
5.250000000000000000e+00 -2.006172839506173311e+00 1.050000000000000000e+01 7.161458333333339255e-01
6.599999999999999645e+00 -1.120370370370369351e+00 8.000000000000000000e+00 -2.410937500000001066e+00
5.500000000000000000e+00 -2.317283950617285093e+00 1.216666666666666607e+01 1.838541666666666075e+00
5.142857142857143238e+00 -2.816798941798942302e+00 8.857142857142857650e+00 -1.406250000000000000e+00
5.750000000000000000e+00 -2.165637860082303412e+00 1.733333333333333215e+01 7.094618055555553582e+00
6.000000000000000000e+00 -1.839094650205761461e+00 9.555555555555555358e+00 -5.687500000000031974e-01
5.700000000000000178e+00 -2.210101010101010566e+00 7.900000000000000355e+00 -2.329261363636360826e+00
6.545454545454545858e+00 -1.383838383838382313e+00 1.390909090909090828e+01 3.670454545454544970e+00
6.583333333333333037e+00 -1.354938271604938294e+00 7.250000000000000000e+00 -2.859374999999998224e+00
6.846153846153845812e+00 -1.088319088319087413e+00 1.000000000000000000e+01 -1.923076923076827427e-02
6.857142857142856762e+00 -1.201058201058201824e+00 1.421428571428571352e+01 4.080357142857145902e+00
6.933333333333333570e+00 -1.103703703703702743e+00 7.266666666666666607e+00 -2.835416666666666252e+00
6.562500000000000000e+00 -1.418981481481481843e+00 1.806250000000000000e+01 8.007812500000000000e+00
7.000000000000000000e+00 9.259259259259255970e-01 7.000000000000000000e+00 -1.718750000000000000e+00
8.000000000000000000e+00 1.277777777777777679e+00 6.500000000000000000e+00 -2.718750000000000000e+00
8.333333333333333925e+00 1.148148148148147918e+00 8.666666666666666075e+00 -8.645833333333357018e-01
9.500000000000000000e+00 2.243827160493826689e+00 9.250000000000000000e+00 -5.338541666666660745e-01
1.080000000000000071e+01 3.079629629629631715e+00 6.799999999999999822e+00 -3.610937500000001243e+00
1.033333333333333393e+01 2.516049382716048832e+00 1.083333333333333393e+01 5.052083333333339255e-01
1.071428571428571352e+01 2.776895943562611713e+00 1.671428571428571530e+01 6.330357142857142350e+00
9.625000000000000000e+00 1.665343915343914460e+00 6.625000000000000000e+00 -3.638392857142857650e+00
9.555555555555555358e+00 1.639917695473251946e+00 1.550000000000000000e+01 5.261284722222221433e+00
1.050000000000000000e+01 2.660905349794238539e+00 1.211111111111111072e+01 1.986805555555552161e+00
1.072727272727272663e+01 2.817171717171715883e+00 9.800000000000000711e+00 -4.292613636363604712e-01
1.066666666666666607e+01 2.728395061728394744e+00 1.508333333333333393e+01 4.973958333333335702e+00
1.023076923076922995e+01 2.296296296296296724e+00 5.923076923076923350e+00 -4.096153846153844924e+00
1.042857142857142883e+01 2.370370370370370239e+00 9.500000000000000000e+00 -6.339285714285676221e-01
9.933333333333333570e+00 1.896296296296297257e+00 1.553333333333333321e+01 5.431250000000000355e+00
9.875000000000000000e+00 1.893518518518518157e+00 5.812500000000000000e+00 -4.242187500000000000e+00
9.000000000000000000e+00 2.925925925925925597e+00 1.600000000000000000e+01 7.281250000000000000e+00
4.500000000000000000e+00 -2.222222222222222321e+00 6.500000000000000000e+00 -2.718750000000000000e+00
7.666666666666666963e+00 4.814814814814809552e-01 8.000000000000000000e+00 -1.531250000000001776e+00
7.750000000000000000e+00 4.938271604938266890e-01 1.025000000000000000e+01 4.661458333333339255e-01
9.800000000000000711e+00 2.079629629629631715e+00 9.599999999999999645e+00 -8.109375000000014211e-01
9.000000000000000000e+00 1.182716049382714907e+00 4.599999999999999645e+00 -5.728125000000000355e+00
9.285714285714286476e+00 1.348324514991184664e+00 9.833333333333333925e+00 -5.505952380952390257e-01
8.875000000000000000e+00 9.593621399176965880e-01 7.888888888888889284e+00 -2.349826388888889284e+00
8.888888888888889284e+00 1.049794238683127823e+00 8.099999999999999645e+00 -2.024305555555558911e+00
9.000000000000000000e+00 1.089898989898989257e+00 9.300000000000000711e+00 -9.292613636363604712e-01
9.545454545454544970e+00 1.616161616161616799e+00 9.909090909090908283e+00 -3.295454545454550299e-01
1.033333333333333393e+01 2.395061728395062595e+00 9.166666666666666075e+00 -9.427083333333321491e-01
9.769230769230770051e+00 1.834757834757836825e+00 8.923076923076923350e+00 -1.096153846153844924e+00
1.071428571428571352e+01 2.656084656084654938e+00 1.714285714285714235e+01 7.008928571428574728e+00
1.000000000000000000e+01 1.962962962962963687e+00 6.666666666666666963e+00 -3.435416666666665897e+00
9.937500000000000000e+00 1.956018518518518157e+00 7.562500000000000000e+00 -2.492187500000000000e+00
1.200000000000000000e+01 5.925925925925925597e+00 1.200000000000000000e+01 3.281250000000000000e+00
9.000000000000000000e+00 2.277777777777777679e+00 5.500000000000000000e+00 -3.718750000000000000e+00
1.066666666666666607e+01 3.481481481481480067e+00 1.500000000000000000e+01 5.468749999999998224e+00
1.150000000000000000e+01 4.243827160493826689e+00 1.100000000000000000e+01 1.216145833333333925e+00
1.059999999999999964e+01 2.879629629629630649e+00 7.599999999999999645e+00 -2.810937500000001421e+00
1.116666666666666607e+01 3.349382716049380981e+00 1.533333333333333393e+01 5.005208333333333925e+00
1.100000000000000000e+01 3.062610229276898188e+00 8.714285714285713524e+00 -1.669642857142859427e+00
1.087500000000000000e+01 2.915343915343914460e+00 9.857142857142857650e+00 -4.062500000000000000e-01
1.111111111111111072e+01 3.195473251028807304e+00 9.375000000000000000e+00 -8.637152777777785673e-01
1.090000000000000036e+01 2.989898989898989612e+00 7.500000000000000000e+00 -2.729261363636361182e+00
1.081818181818181834e+01 2.888888888888890172e+00 1.872727272727272663e+01 8.488636363636363313e+00
1.100000000000000000e+01 3.061728395061728669e+00 8.333333333333333925e+00 -1.776041666666664298e+00
1.084615384615384670e+01 2.911680911680913475e+00 8.846153846153846700e+00 -1.173076923076921574e+00
1.057142857142857117e+01 2.513227513227512588e+00 8.785714285714286476e+00 -1.348214285714281147e+00
1.073333333333333250e+01 2.696296296296296191e+00 8.666666666666666075e+00 -1.435416666666666785e+00
1.100000000000000000e+01 3.018518518518518157e+00 8.812500000000000000e+00 -1.242187500000000000e+00
2.000000000000000000e+00 -4.074074074074074403e+00 1.000000000000000000e+01 1.281250000000000000e+00
1.000000000000000000e+00 -5.722222222222222321e+00 5.000000000000000000e+00 -4.218750000000000000e+00
6.666666666666666297e-01 -6.518518518518519045e+00 1.766666666666666785e+01 8.135416666666666075e+00
5.000000000000000000e-01 -6.756172839506173311e+00 7.250000000000000000e+00 -2.533854166666666075e+00
2.200000000000000178e+00 -5.617283950617284916e+00 8.833333333333333925e+00 -1.494791666666666075e+00
3.333333333333333481e+00 -4.604056437389768774e+00 1.042857142857142883e+01 4.464285714285587403e-02
3.285714285714285587e+00 -4.673941798941799952e+00 2.025000000000000000e+01 9.986607142857142350e+00
3.500000000000000000e+00 -4.415637860082303412e+00 8.000000000000000000e+00 -2.238715277777778567e+00
4.222222222222222321e+00 -3.616872427983539140e+00 9.444444444444444642e+00 -6.798611111111139138e-01
3.799999999999999822e+00 -4.110101010101010921e+00 1.600000000000000000e+01 5.770738636363638818e+00
4.000000000000000000e+00 -3.929292929292928171e+00 5.818181818181818343e+00 -4.420454545454544970e+00
4.083333333333333037e+00 -3.854938271604938294e+00 8.833333333333333925e+00 -1.276041666666664298e+00
4.230769230769230838e+00 -3.703703703703702388e+00 1.415384615384615330e+01 4.134615384615385025e+00
4.500000000000000000e+00 -3.558201058201058586e+00 1.085714285714285765e+01 7.232142857142900283e-01
5.000000000000000000e+00 -3.037037037037036313e+00 8.066666666666666430e+00 -2.035416666666666430e+00
5.125000000000000000e+00 -2.856481481481481843e+00 9.000000000000000000e+00 -1.054687500000000000e+00
4.000000000000000000e+00 -2.074074074074074403e+00 4.000000000000000000e+00 -4.718750000000000000e+00
6.000000000000000000e+00 -7.222222222222223209e-01 7.500000000000000000e+00 -1.718750000000000000e+00
6.000000000000000000e+00 -1.185185185185186008e+00 8.000000000000000000e+00 -1.531250000000001776e+00
5.750000000000000000e+00 -1.506172839506173311e+00 7.750000000000000000e+00 -2.033854166666666075e+00
7.400000000000000355e+00 -3.203703703703686401e-01 1.100000000000000000e+01 5.890624999999989342e-01
7.166666666666666963e+00 -6.506172839506181305e-01 2.016666666666666785e+01 9.838541666666667851e+00
7.428571428571428825e+00 -5.088183421516729865e-01 5.333333333333333037e+00 -5.050595238095239914e+00
7.250000000000000000e+00 -7.096560846560855396e-01 1.350000000000000000e+01 3.236607142857142350e+00
7.111111111111110716e+00 -8.045267489711926956e-01 1.025000000000000000e+01 1.128472222222143273e-02
7.200000000000000178e+00 -7.101010101010105657e-01 8.090909090909091717e+00 -2.138352272727269465e+00
6.818181818181818343e+00 -1.111111111111109828e+00 8.272727272727273373e+00 -1.965909090909089940e+00
6.500000000000000000e+00 -1.438271604938271331e+00 7.916666666666666963e+00 -2.192708333333331261e+00
6.615384615384614975e+00 -1.319088319088318251e+00 7.230769230769230838e+00 -2.788461538461537437e+00
6.642857142857143238e+00 -1.415343915343915349e+00 8.928571428571428825e+00 -1.205357142857138797e+00
6.666666666666666963e+00 -1.370370370370369351e+00 1.000000000000000000e+01 -1.020833333333328596e-01
6.312500000000000000e+00 -1.668981481481481843e+00 8.062500000000000000e+00 -1.992187500000000000e+00
8.000000000000000000e+00 1.925925925925925597e+00 1.900000000000000000e+01 1.028125000000000000e+01
1.000000000000000000e+01 3.277777777777777679e+00 7.500000000000000000e+00 -1.718750000000000000e+00
1.000000000000000000e+01 2.814814814814813992e+00 7.666666666666666963e+00 -1.864583333333334814e+00
1.025000000000000000e+01 2.993827160493826689e+00 1.050000000000000000e+01 7.161458333333339255e-01
9.000000000000000000e+00 1.182716049382714907e+00 6.599999999999999645e+00 -3.728125000000000355e+00
7.500000000000000000e+00 -4.373897707231018117e-01 1.100000000000000000e+01 6.160714285714270488e-01
7.428571428571428825e+00 -5.310846560846567144e-01 5.571428571428571175e+00 -4.691964285714286476e+00
7.125000000000000000e+00 -7.906378600823034120e-01 7.444444444444444642e+00 -2.794270833333333925e+00
7.555555555555555358e+00 -2.835390946502061027e-01 9.666666666666666075e+00 -4.576388888888924811e-01
7.700000000000000178e+00 -2.101010101010105657e-01 7.000000000000000000e+00 -3.229261363636361182e+00
8.363636363636363313e+00 4.343434343434351419e-01 7.454545454545454142e+00 -2.784090909090909172e+00
8.500000000000000000e+00 5.617283950617286692e-01 9.500000000000000000e+00 -6.093749999999982236e-01
8.538461538461538325e+00 6.039886039886050995e-01 8.615384615384614975e+00 -1.403846153846153300e+00
8.714285714285713524e+00 6.560846560846549380e-01 1.485714285714285765e+01 4.723214285714290028e+00
8.266666666666667496e+00 2.296296296296311823e-01 7.466666666666666785e+00 -2.635416666666666075e+00
7.875000000000000000e+00 -1.064814814814818433e-01 1.687500000000000000e+01 6.820312500000000000e+00
4.000000000000000000e+00 -2.074074074074074403e+00 4.000000000000000000e+00 -4.718750000000000000e+00
1.100000000000000000e+01 4.277777777777777679e+00 2.000000000000000000e+01 1.078125000000000000e+01
9.000000000000000000e+00 1.814814814814813992e+00 9.666666666666666075e+00 1.354166666666642982e-01
1.000000000000000000e+01 2.743827160493826689e+00 6.500000000000000000e+00 -3.283854166666666075e+00
8.800000000000000711e+00 1.079629629629631715e+00 6.599999999999999645e+00 -3.810937500000001421e+00
9.833333333333333925e+00 2.016049382716048832e+00 8.166666666666666075e+00 -2.161458333333333925e+00
9.285714285714286476e+00 1.348324514991184664e+00 8.714285714285713524e+00 -1.669642857142859427e+00
8.875000000000000000e+00 9.593621399176965880e-01 9.500000000000000000e+00 -7.387152777777785673e-01
8.777777777777778567e+00 9.386831275720171064e-01 1.933333333333333215e+01 9.209027777777773593e+00
9.099999999999999645e+00 1.189898989898988901e+00 9.900000000000000355e+00 -3.292613636363608265e-01
9.272727272727273373e+00 1.343434343434345202e+00 1.463636363636363669e+01 4.397727272727273373e+00
8.916666666666666075e+00 9.783950617283947437e-01 7.833333333333333037e+00 -2.276041666666665186e+00
9.307692307692308376e+00 1.373219373219375150e+00 9.230769230769229949e+00 -7.884615384615383249e-01
9.285714285714286476e+00 1.227513227513227889e+00 1.814285714285714235e+01 8.008928571428574728e+00
9.666666666666666075e+00 1.629629629629629761e+00 8.333333333333333925e+00 -1.768749999999998934e+00
9.625000000000000000e+00 1.643518518518518157e+00 1.412500000000000000e+01 4.070312500000000000e+00
8.000000000000000000e+00 1.925925925925925597e+00 8.000000000000000000e+00 -7.187500000000000000e-01
7.500000000000000000e+00 7.777777777777776791e-01 9.000000000000000000e+00 -2.187500000000000000e-01
8.666666666666666075e+00 1.481481481481480067e+00 1.033333333333333393e+01 8.020833333333321491e-01
9.000000000000000000e+00 1.743827160493826689e+00 2.025000000000000000e+01 1.046614583333333393e+01
8.000000000000000000e+00 2.796296296296310047e-01 1.380000000000000071e+01 3.389062499999999645e+00
8.666666666666666075e+00 8.493827160493809814e-01 1.283333333333333393e+01 2.505208333333333925e+00
9.142857142857142350e+00 1.205467372134040538e+00 1.016666666666666607e+01 -2.172619047619068766e-01
9.125000000000000000e+00 1.209362139917696588e+00 6.000000000000000000e+00 -4.238715277777778567e+00
8.888888888888889284e+00 1.049794238683127823e+00 1.888888888888888928e+01 8.764583333333330728e+00
9.199999999999999289e+00 1.289898989898988546e+00 9.800000000000000711e+00 -4.292613636363604712e-01
8.636363636363636687e+00 7.070707070707085151e-01 5.454545454545454142e+00 -4.784090909090909172e+00
8.500000000000000000e+00 5.617283950617286692e-01 9.416666666666666075e+00 -6.927083333333321491e-01
8.846153846153846700e+00 9.116809116809134750e-01 7.692307692307692513e+00 -2.326923076923075762e+00
8.785714285714286476e+00 7.275132275132278892e-01 8.785714285714286476e+00 -1.348214285714281147e+00
8.533333333333333215e+00 4.962962962962969016e-01 1.493333333333333357e+01 4.831250000000000711e+00
8.250000000000000000e+00 2.685185185185181567e-01 7.937500000000000000e+00 -2.117187500000000000e+00
1.300000000000000000e+01 6.925925925925925597e+00 1.300000000000000000e+01 4.281250000000000000e+00
1.350000000000000000e+01 6.777777777777777679e+00 1.150000000000000000e+01 2.281250000000000000e+00
1.100000000000000000e+01 3.814814814814813992e+00 6.000000000000000000e+00 -3.531250000000001776e+00
8.750000000000000000e+00 1.493827160493826689e+00 7.000000000000000000e+00 -2.783854166666666075e+00
9.400000000000000355e+00 1.679629629629631360e+00 2.200000000000000000e+01 1.158906249999999893e+01
9.000000000000000000e+00 1.182716049382714907e+00 9.800000000000000711e+00 -5.281249999999992895e-01
8.428571428571428825e+00 4.911816578483270135e-01 1.714285714285714235e+01 6.758928571428569398e+00
9.500000000000000000e+00 1.540343915343914460e+00 2.012500000000000000e+01 9.861607142857142350e+00
9.666666666666666075e+00 1.751028806584362663e+00 9.375000000000000000e+00 -8.637152777777785673e-01
9.199999999999999289e+00 1.360905349794237829e+00 1.511111111111111072e+01 4.986805555555552161e+00
8.909090909090908283e+00 9.797979797979801120e-01 9.181818181818181657e+00 -1.056818181818181657e+00
8.750000000000000000e+00 8.117283950617286692e-01 7.166666666666666963e+00 -2.942708333333331261e+00
8.384615384615385025e+00 4.501424501424517999e-01 9.076923076923076650e+00 -9.423076923076916245e-01
9.500000000000000000e+00 1.441798941798941414e+00 8.214285714285713524e+00 -1.919642857142854098e+00
9.266666666666667496e+00 1.229629629629631182e+00 8.933333333333333570e+00 -1.168749999999999289e+00
9.437500000000000000e+00 1.456018518518518157e+00 1.518750000000000000e+01 5.132812500000000000e+00
7.000000000000000000e+00 9.259259259259255970e-01 7.000000000000000000e+00 -1.718750000000000000e+00
3.000000000000000000e+00 -3.722222222222222321e+00 8.500000000000000000e+00 -7.187500000000000000e-01
5.333333333333333037e+00 -1.851851851851852970e+00 8.333333333333333925e+00 -1.197916666666667851e+00
6.250000000000000000e+00 -1.006172839506173311e+00 4.500000000000000000e+00 -5.283854166666666075e+00
5.599999999999999645e+00 -2.120370370370369351e+00 6.000000000000000000e+00 -4.410937500000001066e+00
5.833333333333333037e+00 -1.983950617283952056e+00 6.166666666666666963e+00 -4.161458333333333037e+00
6.714285714285714413e+00 -1.223104056437387399e+00 1.285714285714285765e+01 2.473214285714284699e+00
6.375000000000000000e+00 -1.540637860082303412e+00 7.875000000000000000e+00 -2.363715277777778567e+00
6.333333333333333037e+00 -1.505761316872428424e+00 1.644444444444444287e+01 6.320138888888884310e+00
7.000000000000000000e+00 -9.101010101010107434e-01 6.799999999999999822e+00 -3.429261363636361359e+00
7.000000000000000000e+00 -9.292929292929281715e-01 8.363636363636363313e+00 -1.875000000000000000e+00
7.083333333333333037e+00 -8.549382716049382935e-01 7.166666666666666963e+00 -2.942708333333331261e+00
7.153846153846154188e+00 -7.806267806267790377e-01 7.923076923076923350e+00 -2.096153846153844924e+00
6.928571428571428825e+00 -1.129629629629629761e+00 7.857142857142856762e+00 -2.276785714285710860e+00
7.000000000000000000e+00 -1.037037037037036313e+00 1.839999999999999858e+01 8.297916666666665719e+00
6.812500000000000000e+00 -1.168981481481481843e+00 1.581250000000000000e+01 5.757812500000000000e+00
9.000000000000000000e+00 2.925925925925925597e+00 9.000000000000000000e+00 2.812500000000000000e-01
6.000000000000000000e+00 -7.222222222222223209e-01 2.000000000000000000e+00 -7.218750000000000000e+00
4.333333333333333037e+00 -2.851851851851852970e+00 4.333333333333333037e+00 -5.197916666666668739e+00
4.000000000000000000e+00 -3.256172839506173311e+00 5.250000000000000000e+00 -4.533854166666666075e+00
5.200000000000000178e+00 -2.520370370370368818e+00 9.400000000000000355e+00 -1.010937500000000711e+00
6.500000000000000000e+00 -1.317283950617285093e+00 1.516666666666666607e+01 4.838541666666666075e+00
6.714285714285714413e+00 -1.223104056437387399e+00 1.114285714285714235e+01 7.589285714285693984e-01
6.625000000000000000e+00 -1.334656084656085540e+00 8.375000000000000000e+00 -1.888392857142857650e+00
7.222222222222222321e+00 -6.168724279835391400e-01 7.333333333333333037e+00 -2.790972222222225518e+00
7.500000000000000000e+00 -4.101010101010107434e-01 1.580000000000000071e+01 5.570738636363639529e+00
7.727272727272727515e+00 -2.020202020202006565e-01 9.363636363636363313e+00 -8.750000000000000000e-01
8.083333333333333925e+00 1.450617283950625946e-01 6.000000000000000000e+00 -4.109374999999998224e+00
8.692307692307691624e+00 7.578347578347583990e-01 7.230769230769230838e+00 -2.788461538461537437e+00
9.285714285714286476e+00 1.227513227513227889e+00 1.585714285714285765e+01 5.723214285714290028e+00
9.400000000000000355e+00 1.362962962962964042e+00 1.086666666666666714e+01 7.645833333333342807e-01
9.625000000000000000e+00 1.643518518518518157e+00 1.587500000000000000e+01 5.820312500000000000e+00
