0.000000000000000000e+00 -8.074074074074074403e+00 0.000000000000000000e+00 -6.812500000000000000e+00
0.000000000000000000e+00 -8.111111111111110716e+00 0.000000000000000000e+00 -6.843750000000000000e+00
0.000000000000000000e+00 -7.938271604938271331e+00 6.000000000000000000e+00 -6.979166666666669627e-01
0.000000000000000000e+00 -7.768518518518518157e+00 8.000000000000000000e+00 1.315104166666666075e+00
0.000000000000000000e+00 -7.798148148148147385e+00 7.200000000000000178e+00 5.078125000000000000e-01
8.333333333333333703e-01 -6.969135802469136109e+00 5.666666666666666963e+00 -1.117708333333332860e+00
1.571428571428571397e+00 -6.174603174603174871e+00 7.666666666666666963e+00 8.616071428571432378e-01
7.000000000000000000e+00 -1.074074074074074403e+00 7.000000000000000000e+00 1.875000000000000000e-01
9.500000000000000000e+00 1.388888888888889284e+00 7.000000000000000000e+00 1.562500000000000000e-01
9.333333333333333925e+00 1.395061728395062595e+00 1.066666666666666607e+01 3.968749999999999112e+00
8.000000000000000000e+00 2.314814814814818433e-01 7.000000000000000000e+00 3.151041666666660745e-01
8.000000000000000000e+00 2.018518518518526150e-01 1.059999999999999964e+01 3.907812499999999467e+00
8.833333333333333925e+00 1.030864197530864779e+00 8.199999999999999289e+00 1.415624999999999467e+00
8.285714285714286476e+00 5.396825396825404297e-01 5.571428571428571175e+00 -1.233630952380952550e+00
9.000000000000000000e+00 9.259259259259255970e-01 9.000000000000000000e+00 2.187500000000000000e+00
8.500000000000000000e+00 3.888888888888892836e-01 9.000000000000000000e+00 2.156250000000000000e+00
1.066666666666666607e+01 2.728395061728394744e+00 1.200000000000000000e+01 5.302083333333333037e+00
9.250000000000000000e+00 1.481481481481481843e+00 6.750000000000000000e+00 6.510416666666607455e-02
7.400000000000000355e+00 -3.981481481481470297e-01 2.000000000000000000e+00 -4.692187500000000178e+00
7.000000000000000000e+00 -8.024691358024691468e-01 4.599999999999999645e+00 -2.184375000000000178e+00
8.000000000000000000e+00 2.539682539682539542e-01 6.571428571428571175e+00 -2.336309523809525501e-01
2.000000000000000000e+00 -6.074074074074074403e+00 2.000000000000000000e+00 -4.812500000000000000e+00
2.000000000000000000e+00 -6.111111111111110716e+00 3.500000000000000000e+00 -3.343750000000000000e+00
5.333333333333333037e+00 -2.604938271604938294e+00 4.666666666666666963e+00 -2.031250000000000000e+00
6.250000000000000000e+00 -1.518518518518518157e+00 4.750000000000000000e+00 -1.934895833333333925e+00
8.000000000000000000e+00 2.018518518518526150e-01 9.400000000000000355e+00 2.707812500000000178e+00
6.666666666666666963e+00 -1.135802469135802184e+00 7.666666666666666963e+00 8.822916666666671404e-01
6.142857142857143238e+00 -1.603174603174602808e+00 5.571428571428571175e+00 -1.233630952380952550e+00
4.000000000000000000e+00 -4.074074074074074403e+00 4.000000000000000000e+00 -2.812500000000000000e+00
8.500000000000000000e+00 3.888888888888892836e-01 7.500000000000000000e+00 6.562500000000000000e-01
6.000000000000000000e+00 -1.938271604938271331e+00 5.000000000000000000e+00 -1.697916666666666963e+00
6.750000000000000000e+00 -1.018518518518518157e+00 1.125000000000000000e+01 4.565104166666666075e+00
6.599999999999999645e+00 -1.198148148148147740e+00 6.799999999999999822e+00 1.078124999999996447e-01
7.166666666666666963e+00 -6.358024691358021840e-01 7.599999999999999645e+00 8.156249999999998224e-01
7.285714285714285587e+00 -4.603174603174604584e-01 7.142857142857143238e+00 3.377976190476195129e-01
6.000000000000000000e+00 -2.074074074074074403e+00 6.000000000000000000e+00 -8.125000000000000000e-01
8.000000000000000000e+00 -1.111111111111107164e-01 7.000000000000000000e+00 1.562500000000000000e-01
1.066666666666666607e+01 2.728395061728394744e+00 9.333333333333333925e+00 2.635416666666666963e+00
1.075000000000000000e+01 2.981481481481481843e+00 9.250000000000000000e+00 2.565104166666666075e+00
1.019999999999999929e+01 2.401851851851851904e+00 7.200000000000000178e+00 5.078125000000000000e-01
1.000000000000000000e+01 2.197530864197530853e+00 6.000000000000000000e+00 -7.843749999999998224e-01
1.014285714285714235e+01 2.396825396825396304e+00 8.666666666666666075e+00 1.861607142857142350e+00
1.300000000000000000e+01 4.925925925925925597e+00 1.300000000000000000e+01 6.187500000000000000e+00
1.450000000000000000e+01 6.388888888888889284e+00 1.300000000000000000e+01 6.156250000000000000e+00
1.133333333333333393e+01 3.395061728395062595e+00 2.666666666666666519e+00 -4.031250000000000000e+00
9.750000000000000000e+00 1.981481481481481843e+00 4.750000000000000000e+00 -1.934895833333333925e+00
1.000000000000000000e+01 2.201851851851852615e+00 7.400000000000000355e+00 7.078125000000001776e-01
8.666666666666666075e+00 8.641975308641969278e-01 5.333333333333333037e+00 -1.451041666666666785e+00
8.142857142857142350e+00 3.968253968253963038e-01 5.571428571428571175e+00 -1.233630952380952550e+00
4.000000000000000000e+00 -4.074074074074074403e+00 4.000000000000000000e+00 -2.812500000000000000e+00
4.000000000000000000e+00 -4.111111111111110716e+00 5.000000000000000000e+00 -1.843750000000000000e+00
4.666666666666666963e+00 -3.271604938271604368e+00 2.000000000000000000e+00 -4.697916666666666963e+00
4.000000000000000000e+00 -3.768518518518518157e+00 2.500000000000000000e+00 -4.184895833333333925e+00
5.200000000000000178e+00 -2.598148148148147207e+00 8.400000000000000355e+00 1.707812500000000178e+00
4.500000000000000000e+00 -3.302469135802469147e+00 8.000000000000000000e+00 1.215625000000000178e+00
4.714285714285714413e+00 -3.031746031746031633e+00 7.333333333333333037e+00 5.282738095238093123e-01
1.600000000000000000e+01 7.925925925925925597e+00 1.600000000000000000e+01 9.187500000000000000e+00
1.050000000000000000e+01 2.388888888888889284e+00 4.000000000000000000e+00 -2.843750000000000000e+00
6.666666666666666963e+00 -1.271604938271604368e+00 2.333333333333333481e+00 -4.364583333333333925e+00
6.250000000000000000e+00 -1.518518518518518157e+00 2.750000000000000000e+00 -3.934895833333333925e+00
5.799999999999999822e+00 -1.998148148148147563e+00 8.500000000000000000e+00 1.807812499999999822e+00
6.666666666666666963e+00 -1.135802469135802184e+00 9.833333333333333925e+00 3.048958333333334103e+00
6.428571428571428825e+00 -1.317460317460317221e+00 5.000000000000000000e+00 -1.805059523809523725e+00
1.200000000000000000e+01 3.925925925925925597e+00 1.200000000000000000e+01 5.187500000000000000e+00
9.000000000000000000e+00 8.888888888888892836e-01 9.500000000000000000e+00 2.656250000000000000e+00
6.666666666666666963e+00 -1.271604938271604368e+00 8.000000000000000000e+00 1.302083333333333037e+00
6.000000000000000000e+00 -1.768518518518518157e+00 4.750000000000000000e+00 -1.934895833333333925e+00
7.200000000000000178e+00 -5.981481481481472073e-01 9.000000000000000000e+00 2.307812499999999822e+00
8.000000000000000000e+00 2.539682539682539542e-01 7.571428571428571175e+00 7.663690476190474499e-01
1.800000000000000000e+01 9.925925925925925597e+00 1.800000000000000000e+01 1.118750000000000000e+01
1.150000000000000000e+01 3.388888888888889284e+00 4.000000000000000000e+00 -2.843750000000000000e+00
1.000000000000000000e+01 2.061728395061728669e+00 9.333333333333333925e+00 2.635416666666666963e+00
8.500000000000000000e+00 7.314814814814818433e-01 7.000000000000000000e+00 3.151041666666660745e-01
8.400000000000000355e+00 6.018518518518529703e-01 3.000000000000000000e+00 -3.692187500000000178e+00
8.833333333333333925e+00 1.030864197530864779e+00 1.066666666666666607e+01 3.882291666666666252e+00
7.571428571428571175e+00 -1.746031746031748710e-01 5.142857142857143238e+00 -1.662202380952380487e+00
1.600000000000000000e+01 7.925925925925925597e+00 1.600000000000000000e+01 9.187500000000000000e+00
9.500000000000000000e+00 1.388888888888889284e+00 7.500000000000000000e+00 6.562500000000000000e-01
8.666666666666666075e+00 7.283950617283947437e-01 8.666666666666666075e+00 1.968749999999999112e+00
7.500000000000000000e+00 -2.981481481481473850e-01 6.000000000000000000e+00 -6.921875000000001776e-01
8.800000000000000711e+00 9.975308641975315638e-01 7.000000000000000000e+00 2.156250000000001776e-01
7.333333333333333037e+00 -4.126984126984130086e-01 3.285714285714285587e+00 -3.519345238095238138e+00
8.000000000000000000e+00 -7.407407407407440303e-02 8.000000000000000000e+00 1.187500000000000000e+00
1.100000000000000000e+01 2.888888888888889284e+00 1.050000000000000000e+01 3.656250000000000000e+00
9.666666666666666075e+00 1.728395061728394744e+00 5.000000000000000000e+00 -1.697916666666666963e+00
8.250000000000000000e+00 4.518518518518526150e-01 9.199999999999999289e+00 2.507812499999999112e+00
7.599999999999999645e+00 -2.024691358024695020e-01 2.333333333333333481e+00 -4.451041666666666785e+00
6.833333333333333037e+00 -9.126984126984130086e-01 7.000000000000000000e+00 1.949404761904762751e-01
1.500000000000000000e+01 6.925925925925925597e+00 1.500000000000000000e+01 8.187500000000000000e+00
9.500000000000000000e+00 1.388888888888889284e+00 6.500000000000000000e+00 -3.437500000000000000e-01
9.000000000000000000e+00 1.061728395061728669e+00 8.000000000000000000e+00 1.302083333333333037e+00
9.000000000000000000e+00 1.231481481481481843e+00 1.000000000000000000e+01 3.315104166666666075e+00
8.599999999999999645e+00 7.975308641975304980e-01 5.666666666666666963e+00 -1.117708333333332860e+00
8.333333333333333925e+00 5.873015873015878796e-01 1.014285714285714235e+01 3.337797619047618625e+00
1.300000000000000000e+01 4.925925925925925597e+00 1.300000000000000000e+01 6.187500000000000000e+00
1.000000000000000000e+01 1.888888888888889284e+00 1.150000000000000000e+01 4.656250000000000000e+00
1.166666666666666607e+01 3.728395061728394744e+00 5.000000000000000000e+00 -1.697916666666666963e+00
1.000000000000000000e+01 2.231481481481481843e+00 8.250000000000000000e+00 1.565104166666666075e+00
9.000000000000000000e+00 1.201851851851852615e+00 9.599999999999999645e+00 2.907812499999999467e+00
8.166666666666666075e+00 3.641975308641969278e-01 7.599999999999999645e+00 8.156249999999998224e-01
9.000000000000000000e+00 1.253968253968253954e+00 7.142857142857143238e+00 3.377976190476195129e-01
2.000000000000000000e+00 -6.074074074074074403e+00 2.000000000000000000e+00 -4.812500000000000000e+00
2.000000000000000000e+00 -6.111111111111110716e+00 1.000000000000000000e+00 -5.843750000000000000e+00
5.000000000000000000e+00 -2.938271604938271331e+00 8.666666666666666075e+00 1.968749999999999112e+00
4.250000000000000000e+00 -3.518518518518518157e+00 7.000000000000000000e+00 3.151041666666660745e-01
4.000000000000000000e+00 -3.802469135802469147e+00 2.166666666666666519e+00 -4.617708333333332860e+00
4.833333333333333037e+00 -2.912698412698413009e+00 4.333333333333333037e+00 -2.471726190476190688e+00
1.000000000000000000e+01 1.925925925925925597e+00 1.000000000000000000e+01 3.187500000000000000e+00
6.500000000000000000e+00 -1.611111111111110716e+00 1.500000000000000000e+00 -5.343750000000000000e+00
6.666666666666666963e+00 -1.271604938271604368e+00 4.333333333333333037e+00 -2.364583333333333925e+00
7.750000000000000000e+00 -4.814814814814738497e-02 6.000000000000000000e+00 -6.921875000000001776e-01
8.599999999999999645e+00 7.975308641975304980e-01 6.000000000000000000e+00 -7.843749999999998224e-01
8.500000000000000000e+00 7.539682539682539542e-01 6.833333333333333037e+00 2.827380952380931234e-02
3.000000000000000000e+00 -5.074074074074074403e+00 3.000000000000000000e+00 -3.812500000000000000e+00
8.500000000000000000e+00 3.888888888888892836e-01 1.150000000000000000e+01 4.656250000000000000e+00
9.333333333333333925e+00 1.395061728395062595e+00 1.000000000000000000e+01 3.302083333333333037e+00
8.750000000000000000e+00 9.814814814814818433e-01 5.500000000000000000e+00 -1.184895833333333925e+00
8.800000000000000711e+00 1.001851851851853326e+00 4.000000000000000000e+00 -2.692187500000000178e+00
9.500000000000000000e+00 1.697530864197530853e+00 9.666666666666666075e+00 2.882291666666666252e+00
9.428571428571428825e+00 1.682539682539682779e+00 9.000000000000000000e+00 2.194940476190476275e+00
1.000000000000000000e+01 1.925925925925925597e+00 1.000000000000000000e+01 3.187500000000000000e+00
1.200000000000000000e+01 3.888888888888889284e+00 1.100000000000000000e+01 4.156250000000000000e+00
1.133333333333333393e+01 3.395061728395062595e+00 1.033333333333333393e+01 3.635416666666666963e+00
9.000000000000000000e+00 1.231481481481481843e+00 6.500000000000000000e+00 -1.848958333333339255e-01
1.140000000000000036e+01 3.601851851851852970e+00 7.000000000000000000e+00 3.078124999999998224e-01
1.216666666666666607e+01 4.364197530864196928e+00 8.666666666666666075e+00 1.882291666666666252e+00
1.171428571428571352e+01 3.968253968253967479e+00 7.571428571428571175e+00 7.663690476190474499e-01
0.000000000000000000e+00 -8.074074074074074403e+00 0.000000000000000000e+00 -6.812500000000000000e+00
6.000000000000000000e+00 -2.111111111111110716e+00 6.000000000000000000e+00 -8.437500000000000000e-01
7.666666666666666963e+00 -2.716049382716043681e-01 8.333333333333333925e+00 1.635416666666666963e+00
6.250000000000000000e+00 -1.518518518518518157e+00 1.750000000000000000e+00 -4.934895833333333925e+00
6.000000000000000000e+00 -1.798148148148147385e+00 6.000000000000000000e+00 -6.921875000000001776e-01
6.500000000000000000e+00 -1.302469135802469147e+00 3.399999999999999911e+00 -3.384374999999999911e+00
7.428571428571428825e+00 -3.174603174603172207e-01 8.714285714285713524e+00 1.909226190476189799e+00
9.000000000000000000e+00 9.259259259259255970e-01 9.000000000000000000e+00 2.187500000000000000e+00
8.500000000000000000e+00 3.888888888888892836e-01 1.300000000000000000e+01 6.156250000000000000e+00
6.000000000000000000e+00 -1.938271604938271331e+00 8.000000000000000000e+00 1.302083333333333037e+00
7.000000000000000000e+00 -7.981481481481473850e-01 9.400000000000000355e+00 2.707812500000000178e+00
7.200000000000000178e+00 -6.024691358024689691e-01 8.333333333333333925e+00 1.548958333333334103e+00
7.166666666666666963e+00 -5.793650793650790831e-01 9.428571428571428825e+00 2.623511904761905100e+00
1.300000000000000000e+01 4.925925925925925597e+00 1.300000000000000000e+01 6.187500000000000000e+00
6.500000000000000000e+00 -1.611111111111110716e+00 7.500000000000000000e+00 6.562500000000000000e-01
7.666666666666666963e+00 -2.716049382716043681e-01 1.200000000000000000e+01 5.302083333333333037e+00
1.000000000000000000e+01 2.231481481481481843e+00 8.000000000000000000e+00 1.315104166666666075e+00
8.800000000000000711e+00 1.001851851851853326e+00 5.400000000000000355e+00 -1.292187499999999822e+00
8.000000000000000000e+00 1.975308641975308532e-01 6.833333333333333037e+00 4.895833333333321491e-02
8.714285714285713524e+00 9.682539682539674786e-01 9.285714285714286476e+00 2.480654761904762751e+00
5.000000000000000000e+00 -3.074074074074074403e+00 5.000000000000000000e+00 -1.812500000000000000e+00
1.000000000000000000e+01 1.888888888888889284e+00 9.500000000000000000e+00 2.656250000000000000e+00
9.333333333333333925e+00 1.395061728395062595e+00 7.000000000000000000e+00 3.020833333333330373e-01
1.075000000000000000e+01 2.981481481481481843e+00 1.075000000000000000e+01 4.065104166666666075e+00
1.000000000000000000e+01 2.201851851851852615e+00 7.799999999999999822e+00 1.107812499999999645e+00
9.500000000000000000e+00 1.697530864197530853e+00 9.400000000000000355e+00 2.615625000000000533e+00
9.428571428571428825e+00 1.682539682539682779e+00 9.166666666666666075e+00 2.361607142857142350e+00
9.000000000000000000e+00 9.259259259259255970e-01 9.000000000000000000e+00 2.187500000000000000e+00
6.500000000000000000e+00 -1.611111111111110716e+00 4.500000000000000000e+00 -2.343750000000000000e+00
7.666666666666666963e+00 -2.716049382716043681e-01 8.333333333333333925e+00 1.635416666666666963e+00
7.000000000000000000e+00 -7.685185185185181567e-01 5.750000000000000000e+00 -9.348958333333339255e-01
6.799999999999999822e+00 -9.981481481481475626e-01 5.599999999999999645e+00 -1.092187500000000533e+00
6.833333333333333037e+00 -9.691358024691361095e-01 9.000000000000000000e+00 2.215625000000000178e+00
6.142857142857143238e+00 -1.603174603174602808e+00 6.666666666666666963e+00 -1.383928571428567622e-01
5.000000000000000000e+00 -3.074074074074074403e+00 5.000000000000000000e+00 -1.812500000000000000e+00
1.200000000000000000e+01 3.888888888888889284e+00 9.500000000000000000e+00 2.656250000000000000e+00
1.166666666666666607e+01 3.728395061728394744e+00 8.000000000000000000e+00 1.302083333333333037e+00
1.125000000000000000e+01 3.481481481481481843e+00 1.150000000000000000e+01 4.815104166666666075e+00
1.059999999999999964e+01 2.801851851851852260e+00 5.400000000000000355e+00 -1.292187499999999822e+00
1.133333333333333393e+01 3.530864197530864779e+00 7.799999999999999822e+00 1.015625000000000000e+00
1.085714285714285765e+01 3.111111111111111605e+00 3.285714285714285587e+00 -3.519345238095238138e+00
6.000000000000000000e+00 -2.074074074074074403e+00 6.000000000000000000e+00 -8.125000000000000000e-01
9.000000000000000000e+00 8.888888888888892836e-01 1.050000000000000000e+01 3.656250000000000000e+00
7.666666666666666963e+00 -2.716049382716043681e-01 1.666666666666666741e+00 -5.031250000000000000e+00
9.750000000000000000e+00 1.981481481481481843e+00 9.250000000000000000e+00 2.565104166666666075e+00
8.800000000000000711e+00 1.001851851851853326e+00 4.799999999999999822e+00 -1.892187500000000355e+00
7.833333333333333037e+00 3.086419753086389051e-02 3.833333333333333481e+00 -2.951041666666666341e+00
8.285714285714286476e+00 5.396825396825404297e-01 8.714285714285713524e+00 1.909226190476189799e+00
3.000000000000000000e+00 -5.074074074074074403e+00 3.000000000000000000e+00 -3.812500000000000000e+00
5.500000000000000000e+00 -2.611111111111110716e+00 1.050000000000000000e+01 3.656250000000000000e+00
4.000000000000000000e+00 -3.938271604938271331e+00 2.666666666666666519e+00 -4.031250000000000000e+00
7.250000000000000000e+00 -5.185185185185181567e-01 1.050000000000000000e+01 3.815104166666666075e+00
9.800000000000000711e+00 2.001851851851853326e+00 9.199999999999999289e+00 2.507812499999999112e+00
9.666666666666666075e+00 1.864197530864196928e+00 6.599999999999999645e+00 -1.843750000000001776e-01
8.857142857142857650e+00 1.111111111111111605e+00 5.500000000000000000e+00 -1.305059523809523725e+00
