2.900000000000000000e+01 2.141428571428571459e+01 2.900000000000000000e+01 8.781250000000000000e+00
2.100000000000000000e+01 1.373571428571428577e+01 1.300000000000000000e+01 -6.171875000000000000e+00
1.500000000000000000e+01 7.933333333333333570e+00 1.233333333333333393e+01 -6.000000000000001776e+00
1.200000000000000000e+01 4.414285714285714590e+00 1.200000000000000000e+01 -8.218750000000000000e+00
1.800000000000000000e+01 1.073571428571428577e+01 1.650000000000000000e+01 -2.671875000000000000e+00
1.800000000000000000e+01 1.093333333333333357e+01 1.566666666666666607e+01 -2.666666666666669627e+00
0.000000000000000000e+00 -7.585714285714285410e+00 1.700000000000000000e+01 -3.218750000000000000e+00
0.000000000000000000e+00 -7.264285714285714235e+00 1.850000000000000000e+01 -6.718750000000000000e-01
0.000000000000000000e+00 -7.066666666666666430e+00 2.000000000000000000e+01 1.666666666666664298e+00
6.000000000000000000e+00 -1.585714285714285410e+00 6.000000000000000000e+00 -1.421875000000000000e+01
1.050000000000000000e+01 3.235714285714285765e+00 1.350000000000000000e+01 -5.671875000000000000e+00
1.266666666666666607e+01 5.599999999999999645e+00 1.333333333333333393e+01 -5.000000000000001776e+00
1.400000000000000000e+01 6.414285714285714590e+00 1.400000000000000000e+01 -6.218750000000000000e+00
1.550000000000000000e+01 8.235714285714285765e+00 1.950000000000000000e+01 3.281250000000000000e-01
1.900000000000000000e+01 1.193333333333333357e+01 1.633333333333333215e+01 -2.000000000000003553e+00
0.000000000000000000e+00 -7.585714285714285410e+00 9.000000000000000000e+00 -1.121875000000000000e+01
0.000000000000000000e+00 -7.264285714285714235e+00 2.050000000000000000e+01 1.328125000000000000e+00
0.000000000000000000e+00 -7.066666666666666430e+00 1.133333333333333393e+01 -7.000000000000001776e+00
0.000000000000000000e+00 -7.585714285714285410e+00 1.500000000000000000e+01 -5.218750000000000000e+00
0.000000000000000000e+00 -7.264285714285714235e+00 1.550000000000000000e+01 -3.671875000000000000e+00
0.000000000000000000e+00 -7.066666666666666430e+00 1.133333333333333393e+01 -7.000000000000001776e+00
0.000000000000000000e+00 -7.585714285714285410e+00 1.500000000000000000e+01 -5.218750000000000000e+00
0.000000000000000000e+00 -7.264285714285714235e+00 1.050000000000000000e+01 -8.671875000000000000e+00
0.000000000000000000e+00 -7.066666666666666430e+00 1.733333333333333215e+01 -1.000000000000003553e+00
1.500000000000000000e+01 7.414285714285714590e+00 1.500000000000000000e+01 -5.218750000000000000e+00
1.350000000000000000e+01 6.235714285714285765e+00 1.050000000000000000e+01 -8.671875000000000000e+00
1.400000000000000000e+01 6.933333333333333570e+00 1.733333333333333215e+01 -1.000000000000003553e+00
0.000000000000000000e+00 -7.585714285714285410e+00 1.400000000000000000e+01 -6.218750000000000000e+00
0.000000000000000000e+00 -7.264285714285714235e+00 9.000000000000000000e+00 -1.017187500000000000e+01
0.000000000000000000e+00 -7.066666666666666430e+00 1.733333333333333215e+01 -1.000000000000003553e+00
0.000000000000000000e+00 -7.585714285714285410e+00 8.000000000000000000e+00 -1.221875000000000000e+01
9.000000000000000000e+00 1.735714285714285765e+00 1.750000000000000000e+01 -1.671875000000000000e+00
1.500000000000000000e+01 7.933333333333333570e+00 2.033333333333333215e+01 1.999999999999996447e+00
0.000000000000000000e+00 -7.585714285714285410e+00 1.800000000000000000e+01 -2.218750000000000000e+00
0.000000000000000000e+00 -7.264285714285714235e+00 1.450000000000000000e+01 -4.671875000000000000e+00
0.000000000000000000e+00 -7.066666666666666430e+00 1.033333333333333393e+01 -8.000000000000001776e+00
0.000000000000000000e+00 -7.585714285714285410e+00 6.000000000000000000e+00 -1.421875000000000000e+01
0.000000000000000000e+00 -7.264285714285714235e+00 1.350000000000000000e+01 -5.671875000000000000e+00
0.000000000000000000e+00 -7.066666666666666430e+00 1.566666666666666607e+01 -2.666666666666669627e+00
0.000000000000000000e+00 -7.585714285714285410e+00 1.600000000000000000e+01 -4.218750000000000000e+00
0.000000000000000000e+00 -7.264285714285714235e+00 1.200000000000000000e+01 -7.171875000000000000e+00
0.000000000000000000e+00 -7.066666666666666430e+00 1.366666666666666607e+01 -4.666666666666669627e+00
2.500000000000000000e+01 1.741428571428571459e+01 2.500000000000000000e+01 4.781250000000000000e+00
2.150000000000000000e+01 1.423571428571428577e+01 1.700000000000000000e+01 -2.171875000000000000e+00
2.466666666666666785e+01 1.760000000000000142e+01 2.200000000000000000e+01 3.666666666666664298e+00
0.000000000000000000e+00 -7.585714285714285410e+00 1.600000000000000000e+01 -4.218750000000000000e+00
0.000000000000000000e+00 -7.264285714285714235e+00 1.150000000000000000e+01 -7.671875000000000000e+00
5.000000000000000000e+00 -2.066666666666666430e+00 1.833333333333333215e+01 -3.552713678800500929e-15
1.500000000000000000e+01 7.414285714285714590e+00 1.500000000000000000e+01 -5.218750000000000000e+00
1.500000000000000000e+01 7.735714285714285765e+00 1.550000000000000000e+01 -3.671875000000000000e+00
1.633333333333333215e+01 9.266666666666665719e+00 1.133333333333333393e+01 -7.000000000000001776e+00
0.000000000000000000e+00 -7.585714285714285410e+00 6.000000000000000000e+00 -1.421875000000000000e+01
0.000000000000000000e+00 -7.264285714285714235e+00 1.350000000000000000e+01 -5.671875000000000000e+00
0.000000000000000000e+00 -7.066666666666666430e+00 1.333333333333333393e+01 -5.000000000000001776e+00
0.000000000000000000e+00 -7.585714285714285410e+00 1.300000000000000000e+01 -7.218750000000000000e+00
0.000000000000000000e+00 -7.264285714285714235e+00 1.550000000000000000e+01 -3.671875000000000000e+00
3.000000000000000000e+00 -4.066666666666666430e+00 1.266666666666666607e+01 -5.666666666666669627e+00
0.000000000000000000e+00 -7.585714285714285410e+00 1.300000000000000000e+01 -7.218750000000000000e+00
0.000000000000000000e+00 -7.264285714285714235e+00 1.450000000000000000e+01 -4.671875000000000000e+00
0.000000000000000000e+00 -7.066666666666666430e+00 1.733333333333333215e+01 -1.000000000000003553e+00
0.000000000000000000e+00 -7.585714285714285410e+00 1.700000000000000000e+01 -3.218750000000000000e+00
0.000000000000000000e+00 -7.264285714285714235e+00 1.700000000000000000e+01 -2.171875000000000000e+00
0.000000000000000000e+00 -7.066666666666666430e+00 1.900000000000000000e+01 6.666666666666642982e-01
0.000000000000000000e+00 -7.585714285714285410e+00 1.300000000000000000e+01 -7.218750000000000000e+00
0.000000000000000000e+00 -7.264285714285714235e+00 1.200000000000000000e+01 -7.171875000000000000e+00
0.000000000000000000e+00 -7.066666666666666430e+00 1.766666666666666785e+01 -6.666666666666678509e-01
1.700000000000000000e+01 9.414285714285714590e+00 1.700000000000000000e+01 -3.218750000000000000e+00
2.100000000000000000e+01 1.373571428571428577e+01 1.700000000000000000e+01 -2.171875000000000000e+00
1.933333333333333215e+01 1.226666666666666572e+01 1.900000000000000000e+01 6.666666666666642982e-01
0.000000000000000000e+00 -7.585714285714285410e+00 2.200000000000000000e+01 1.781250000000000000e+00
0.000000000000000000e+00 -7.264285714285714235e+00 2.000000000000000000e+01 8.281250000000000000e-01
0.000000000000000000e+00 -7.066666666666666430e+00 1.766666666666666785e+01 -6.666666666666678509e-01
0.000000000000000000e+00 -7.585714285714285410e+00 1.900000000000000000e+01 -1.218750000000000000e+00
0.000000000000000000e+00 -7.264285714285714235e+00 1.300000000000000000e+01 -6.171875000000000000e+00
0.000000000000000000e+00 -7.066666666666666430e+00 1.066666666666666607e+01 -7.666666666666669627e+00
0.000000000000000000e+00 -7.585714285714285410e+00 1.100000000000000000e+01 -9.218750000000000000e+00
0.000000000000000000e+00 -7.264285714285714235e+00 1.700000000000000000e+01 -2.171875000000000000e+00
0.000000000000000000e+00 -7.066666666666666430e+00 1.333333333333333393e+01 -5.000000000000001776e+00
0.000000000000000000e+00 -7.585714285714285410e+00 9.000000000000000000e+00 -1.121875000000000000e+01
0.000000000000000000e+00 -7.264285714285714235e+00 2.050000000000000000e+01 1.328125000000000000e+00
0.000000000000000000e+00 -7.066666666666666430e+00 1.133333333333333393e+01 -7.000000000000001776e+00
0.000000000000000000e+00 -7.585714285714285410e+00 1.500000000000000000e+01 -5.218750000000000000e+00
0.000000000000000000e+00 -7.264285714285714235e+00 1.350000000000000000e+01 -5.671875000000000000e+00
0.000000000000000000e+00 -7.066666666666666430e+00 1.366666666666666607e+01 -4.666666666666669627e+00
1.300000000000000000e+01 5.414285714285714590e+00 1.300000000000000000e+01 -7.218750000000000000e+00
1.500000000000000000e+01 7.735714285714285765e+00 1.550000000000000000e+01 -3.671875000000000000e+00
1.000000000000000000e+01 2.933333333333333570e+00 1.266666666666666607e+01 -5.666666666666669627e+00
0.000000000000000000e+00 -7.585714285714285410e+00 1.100000000000000000e+01 -9.218750000000000000e+00
0.000000000000000000e+00 -7.264285714285714235e+00 1.700000000000000000e+01 -2.171875000000000000e+00
0.000000000000000000e+00 -7.066666666666666430e+00 1.333333333333333393e+01 -5.000000000000001776e+00
1.000000000000000000e+00 -6.585714285714285410e+00 6.000000000000000000e+00 -1.421875000000000000e+01
5.000000000000000000e-01 -6.764285714285714235e+00 1.350000000000000000e+01 -5.671875000000000000e+00
3.333333333333333148e-01 -6.733333333333333393e+00 1.566666666666666607e+01 -2.666666666666669627e+00
0.000000000000000000e+00 -7.585714285714285410e+00 1.800000000000000000e+01 -2.218750000000000000e+00
9.000000000000000000e+00 1.735714285714285765e+00 1.200000000000000000e+01 -7.171875000000000000e+00
1.000000000000000000e+01 2.933333333333333570e+00 1.533333333333333393e+01 -3.000000000000001776e+00
1.800000000000000000e+01 1.041428571428571459e+01 1.800000000000000000e+01 -2.218750000000000000e+00
1.600000000000000000e+01 8.735714285714285765e+00 1.450000000000000000e+01 -4.671875000000000000e+00
1.433333333333333393e+01 7.266666666666667496e+00 1.033333333333333393e+01 -8.000000000000001776e+00
0.000000000000000000e+00 -7.585714285714285410e+00 9.000000000000000000e+00 -1.121875000000000000e+01
0.000000000000000000e+00 -7.264285714285714235e+00 1.950000000000000000e+01 3.281250000000000000e-01
0.000000000000000000e+00 -7.066666666666666430e+00 1.300000000000000000e+01 -5.333333333333335702e+00
1.700000000000000000e+01 9.414285714285714590e+00 1.700000000000000000e+01 -3.218750000000000000e+00
1.400000000000000000e+01 6.735714285714285765e+00 1.300000000000000000e+01 -6.171875000000000000e+00
1.533333333333333393e+01 8.266666666666667496e+00 1.500000000000000000e+01 -3.333333333333335702e+00
0.000000000000000000e+00 -7.585714285714285410e+00 1.700000000000000000e+01 -3.218750000000000000e+00
0.000000000000000000e+00 -7.264285714285714235e+00 1.300000000000000000e+01 -6.171875000000000000e+00
0.000000000000000000e+00 -7.066666666666666430e+00 1.500000000000000000e+01 -3.333333333333335702e+00
0.000000000000000000e+00 -7.585714285714285410e+00 1.700000000000000000e+01 -3.218750000000000000e+00
0.000000000000000000e+00 -7.264285714285714235e+00 1.300000000000000000e+01 -6.171875000000000000e+00
0.000000000000000000e+00 -7.066666666666666430e+00 1.500000000000000000e+01 -3.333333333333335702e+00
0.000000000000000000e+00 -7.585714285714285410e+00 9.000000000000000000e+00 -1.121875000000000000e+01
0.000000000000000000e+00 -7.264285714285714235e+00 1.950000000000000000e+01 3.281250000000000000e-01
0.000000000000000000e+00 -7.066666666666666430e+00 1.300000000000000000e+01 -5.333333333333335702e+00
0.000000000000000000e+00 -7.585714285714285410e+00 1.900000000000000000e+01 -1.218750000000000000e+00
0.000000000000000000e+00 -7.264285714285714235e+00 1.300000000000000000e+01 -6.171875000000000000e+00
0.000000000000000000e+00 -7.066666666666666430e+00 1.066666666666666607e+01 -7.666666666666669627e+00
1.300000000000000000e+01 5.414285714285714590e+00 1.300000000000000000e+01 -7.218750000000000000e+00
1.250000000000000000e+01 5.235714285714285765e+00 2.100000000000000000e+01 1.828125000000000000e+00
1.333333333333333393e+01 6.266666666666667496e+00 1.300000000000000000e+01 -5.333333333333335702e+00
2.200000000000000000e+01 1.441428571428571459e+01 2.200000000000000000e+01 1.781250000000000000e+00
2.150000000000000000e+01 1.423571428571428577e+01 2.000000000000000000e+01 8.281250000000000000e-01
2.100000000000000000e+01 1.393333333333333357e+01 1.766666666666666785e+01 -6.666666666666678509e-01
0.000000000000000000e+00 -7.585714285714285410e+00 2.000000000000000000e+01 -2.187500000000000000e-01
0.000000000000000000e+00 -7.264285714285714235e+00 1.750000000000000000e+01 -1.671875000000000000e+00
0.000000000000000000e+00 -7.066666666666666430e+00 1.733333333333333215e+01 -1.000000000000003553e+00
0.000000000000000000e+00 -7.585714285714285410e+00 2.000000000000000000e+01 -2.187500000000000000e-01
3.000000000000000000e+00 -4.264285714285714235e+00 1.750000000000000000e+01 -1.671875000000000000e+00
8.000000000000000000e+00 9.333333333333335702e-01 1.733333333333333215e+01 -1.000000000000003553e+00
0.000000000000000000e+00 -7.585714285714285410e+00 9.000000000000000000e+00 -1.121875000000000000e+01
0.000000000000000000e+00 -7.264285714285714235e+00 7.500000000000000000e+00 -1.167187500000000000e+01
0.000000000000000000e+00 -7.066666666666666430e+00 1.233333333333333393e+01 -6.000000000000001776e+00
0.000000000000000000e+00 -7.585714285714285410e+00 1.200000000000000000e+01 -8.218750000000000000e+00
0.000000000000000000e+00 -7.264285714285714235e+00 1.650000000000000000e+01 -2.671875000000000000e+00
0.000000000000000000e+00 -7.066666666666666430e+00 1.566666666666666607e+01 -2.666666666666669627e+00
0.000000000000000000e+00 -7.585714285714285410e+00 8.000000000000000000e+00 -1.221875000000000000e+01
0.000000000000000000e+00 -7.264285714285714235e+00 1.750000000000000000e+01 -1.671875000000000000e+00
0.000000000000000000e+00 -7.066666666666666430e+00 2.033333333333333215e+01 1.999999999999996447e+00
1.500000000000000000e+01 7.414285714285714590e+00 1.500000000000000000e+01 -5.218750000000000000e+00
1.450000000000000000e+01 7.235714285714285765e+00 1.350000000000000000e+01 -5.671875000000000000e+00
1.300000000000000000e+01 5.933333333333333570e+00 1.366666666666666607e+01 -4.666666666666669627e+00
0.000000000000000000e+00 -7.585714285714285410e+00 9.000000000000000000e+00 -1.121875000000000000e+01
0.000000000000000000e+00 -7.264285714285714235e+00 1.950000000000000000e+01 3.281250000000000000e-01
0.000000000000000000e+00 -7.066666666666666430e+00 1.300000000000000000e+01 -5.333333333333335702e+00
0.000000000000000000e+00 -7.585714285714285410e+00 1.400000000000000000e+01 -6.218750000000000000e+00
0.000000000000000000e+00 -7.264285714285714235e+00 1.150000000000000000e+01 -7.671875000000000000e+00
0.000000000000000000e+00 -7.066666666666666430e+00 7.333333333333333037e+00 -1.100000000000000355e+01
1.100000000000000000e+01 3.414285714285714590e+00 1.100000000000000000e+01 -9.218750000000000000e+00
1.400000000000000000e+01 6.735714285714285765e+00 1.700000000000000000e+01 -2.171875000000000000e+00
1.400000000000000000e+01 6.933333333333333570e+00 1.333333333333333393e+01 -5.000000000000001776e+00
0.000000000000000000e+00 -7.585714285714285410e+00 9.000000000000000000e+00 -1.121875000000000000e+01
0.000000000000000000e+00 -7.264285714285714235e+00 1.000000000000000000e+01 -9.171875000000000000e+00
0.000000000000000000e+00 -7.066666666666666430e+00 1.533333333333333393e+01 -3.000000000000001776e+00
0.000000000000000000e+00 -7.585714285714285410e+00 2.500000000000000000e+01 4.781250000000000000e+00
0.000000000000000000e+00 -7.264285714285714235e+00 1.700000000000000000e+01 -2.171875000000000000e+00
0.000000000000000000e+00 -7.066666666666666430e+00 2.200000000000000000e+01 3.666666666666664298e+00
9.000000000000000000e+00 1.414285714285714590e+00 9.000000000000000000e+00 -1.121875000000000000e+01
1.150000000000000000e+01 4.235714285714285765e+00 1.950000000000000000e+01 3.281250000000000000e-01
1.366666666666666607e+01 6.599999999999999645e+00 1.300000000000000000e+01 -5.333333333333335702e+00
0.000000000000000000e+00 -7.585714285714285410e+00 1.400000000000000000e+01 -6.218750000000000000e+00
0.000000000000000000e+00 -7.264285714285714235e+00 9.000000000000000000e+00 -1.017187500000000000e+01
2.666666666666666519e+00 -4.400000000000000355e+00 1.733333333333333215e+01 -1.000000000000003553e+00
0.000000000000000000e+00 -7.585714285714285410e+00 1.300000000000000000e+01 -7.218750000000000000e+00
0.000000000000000000e+00 -7.264285714285714235e+00 1.200000000000000000e+01 -7.171875000000000000e+00
0.000000000000000000e+00 -7.066666666666666430e+00 1.766666666666666785e+01 -6.666666666666678509e-01
1.400000000000000000e+01 6.414285714285714590e+00 1.400000000000000000e+01 -6.218750000000000000e+00
9.500000000000000000e+00 2.235714285714285765e+00 9.000000000000000000e+00 -1.017187500000000000e+01
7.000000000000000000e+00 -6.666666666666642982e-02 1.733333333333333215e+01 -1.000000000000003553e+00
0.000000000000000000e+00 -7.585714285714285410e+00 2.900000000000000000e+01 8.781250000000000000e+00
0.000000000000000000e+00 -7.264285714285714235e+00 1.300000000000000000e+01 -6.171875000000000000e+00
0.000000000000000000e+00 -7.066666666666666430e+00 1.233333333333333393e+01 -6.000000000000001776e+00
1.900000000000000000e+01 1.141428571428571459e+01 1.900000000000000000e+01 -1.218750000000000000e+00
1.400000000000000000e+01 6.735714285714285765e+00 1.300000000000000000e+01 -6.171875000000000000e+00
1.200000000000000000e+01 4.933333333333333570e+00 1.066666666666666607e+01 -7.666666666666669627e+00
8.000000000000000000e+00 4.142857142857145902e-01 8.000000000000000000e+00 -1.221875000000000000e+01
5.500000000000000000e+00 -1.764285714285714235e+00 1.750000000000000000e+01 -1.671875000000000000e+00
3.666666666666666519e+00 -3.399999999999999911e+00 2.033333333333333215e+01 1.999999999999996447e+00
9.000000000000000000e+00 1.414285714285714590e+00 9.000000000000000000e+00 -1.121875000000000000e+01
9.000000000000000000e+00 1.735714285714285765e+00 7.500000000000000000e+00 -1.167187500000000000e+01
1.033333333333333393e+01 3.266666666666667496e+00 1.233333333333333393e+01 -6.000000000000001776e+00
0.000000000000000000e+00 -7.585714285714285410e+00 1.400000000000000000e+01 -6.218750000000000000e+00
0.000000000000000000e+00 -7.264285714285714235e+00 1.950000000000000000e+01 3.281250000000000000e-01
0.000000000000000000e+00 -7.066666666666666430e+00 1.633333333333333215e+01 -2.000000000000003553e+00
5.000000000000000000e+00 -2.585714285714285410e+00 6.000000000000000000e+00 -1.421875000000000000e+01
7.000000000000000000e+00 -2.642857142857142350e-01 1.350000000000000000e+01 -5.671875000000000000e+00
1.166666666666666607e+01 4.599999999999999645e+00 1.566666666666666607e+01 -2.666666666666669627e+00
1.300000000000000000e+01 5.414285714285714590e+00 1.300000000000000000e+01 -7.218750000000000000e+00
1.300000000000000000e+01 5.735714285714285765e+00 1.200000000000000000e+01 -7.171875000000000000e+00
1.466666666666666607e+01 7.599999999999999645e+00 1.766666666666666785e+01 -6.666666666666678509e-01
9.000000000000000000e+00 1.414285714285714590e+00 9.000000000000000000e+00 -1.121875000000000000e+01
1.000000000000000000e+01 2.735714285714285765e+00 1.000000000000000000e+01 -9.171875000000000000e+00
1.166666666666666607e+01 4.599999999999999645e+00 1.533333333333333393e+01 -3.000000000000001776e+00
1.700000000000000000e+01 9.414285714285714590e+00 1.700000000000000000e+01 -3.218750000000000000e+00
1.700000000000000000e+01 9.735714285714285765e+00 1.850000000000000000e+01 -6.718750000000000000e-01
1.833333333333333215e+01 1.126666666666666572e+01 2.000000000000000000e+01 1.666666666666664298e+00
1.600000000000000000e+01 8.414285714285714590e+00 1.600000000000000000e+01 -4.218750000000000000e+00
1.100000000000000000e+01 3.735714285714285765e+00 1.200000000000000000e+01 -7.171875000000000000e+00
1.233333333333333393e+01 5.266666666666667496e+00 1.366666666666666607e+01 -4.666666666666669627e+00
0.000000000000000000e+00 -7.585714285714285410e+00 1.400000000000000000e+01 -6.218750000000000000e+00
0.000000000000000000e+00 -7.264285714285714235e+00 1.150000000000000000e+01 -7.671875000000000000e+00
0.000000000000000000e+00 -7.066666666666666430e+00 7.333333333333333037e+00 -1.100000000000000355e+01
0.000000000000000000e+00 -7.585714285714285410e+00 1.400000000000000000e+01 -6.218750000000000000e+00
0.000000000000000000e+00 -7.264285714285714235e+00 1.950000000000000000e+01 3.281250000000000000e-01
0.000000000000000000e+00 -7.066666666666666430e+00 1.633333333333333215e+01 -2.000000000000003553e+00
0.000000000000000000e+00 -7.585714285714285410e+00 1.600000000000000000e+01 -4.218750000000000000e+00
0.000000000000000000e+00 -7.264285714285714235e+00 1.200000000000000000e+01 -7.171875000000000000e+00
0.000000000000000000e+00 -7.066666666666666430e+00 1.366666666666666607e+01 -4.666666666666669627e+00
0.000000000000000000e+00 -7.585714285714285410e+00 1.300000000000000000e+01 -7.218750000000000000e+00
0.000000000000000000e+00 -7.264285714285714235e+00 2.100000000000000000e+01 1.828125000000000000e+00
0.000000000000000000e+00 -7.066666666666666430e+00 1.300000000000000000e+01 -5.333333333333335702e+00
0.000000000000000000e+00 -7.585714285714285410e+00 3.000000000000000000e+01 9.781250000000000000e+00
0.000000000000000000e+00 -7.264285714285714235e+00 1.200000000000000000e+01 -7.171875000000000000e+00
0.000000000000000000e+00 -7.066666666666666430e+00 1.666666666666666785e+01 -1.666666666666667851e+00
0.000000000000000000e+00 -7.585714285714285410e+00 1.800000000000000000e+01 -2.218750000000000000e+00
0.000000000000000000e+00 -7.264285714285714235e+00 1.200000000000000000e+01 -7.171875000000000000e+00
0.000000000000000000e+00 -7.066666666666666430e+00 1.533333333333333393e+01 -3.000000000000001776e+00
1.400000000000000000e+01 6.414285714285714590e+00 1.400000000000000000e+01 -6.218750000000000000e+00
1.450000000000000000e+01 7.235714285714285765e+00 1.150000000000000000e+01 -7.671875000000000000e+00
1.100000000000000000e+01 3.933333333333333570e+00 7.333333333333333037e+00 -1.100000000000000355e+01
1.300000000000000000e+01 5.414285714285714590e+00 1.300000000000000000e+01 -7.218750000000000000e+00
1.250000000000000000e+01 5.235714285714285765e+00 1.450000000000000000e+01 -4.671875000000000000e+00
1.233333333333333393e+01 5.266666666666667496e+00 1.733333333333333215e+01 -1.000000000000003553e+00
2.000000000000000000e+01 1.241428571428571459e+01 2.000000000000000000e+01 -2.187500000000000000e-01
1.000000000000000000e+01 2.735714285714285765e+00 1.750000000000000000e+01 -1.671875000000000000e+00
6.666666666666666963e+00 -3.999999999999994671e-01 1.733333333333333215e+01 -1.000000000000003553e+00
9.000000000000000000e+00 1.414285714285714590e+00 9.000000000000000000e+00 -1.121875000000000000e+01
1.800000000000000000e+01 1.073571428571428577e+01 2.050000000000000000e+01 1.328125000000000000e+00
1.533333333333333393e+01 8.266666666666667496e+00 1.133333333333333393e+01 -7.000000000000001776e+00
1.600000000000000000e+01 8.414285714285714590e+00 1.600000000000000000e+01 -4.218750000000000000e+00
1.300000000000000000e+01 5.735714285714285765e+00 1.150000000000000000e+01 -7.671875000000000000e+00
9.000000000000000000e+00 1.933333333333333570e+00 1.833333333333333215e+01 -3.552713678800500929e-15
0.000000000000000000e+00 -7.585714285714285410e+00 2.900000000000000000e+01 8.781250000000000000e+00
0.000000000000000000e+00 -7.264285714285714235e+00 1.300000000000000000e+01 -6.171875000000000000e+00
0.000000000000000000e+00 -7.066666666666666430e+00 1.233333333333333393e+01 -6.000000000000001776e+00
1.800000000000000000e+01 1.041428571428571459e+01 1.800000000000000000e+01 -2.218750000000000000e+00
9.000000000000000000e+00 1.735714285714285765e+00 1.200000000000000000e+01 -7.171875000000000000e+00
8.333333333333333925e+00 1.266666666666667496e+00 1.533333333333333393e+01 -3.000000000000001776e+00
0.000000000000000000e+00 -7.585714285714285410e+00 3.000000000000000000e+01 9.781250000000000000e+00
0.000000000000000000e+00 -7.264285714285714235e+00 1.200000000000000000e+01 -7.171875000000000000e+00
0.000000000000000000e+00 -7.066666666666666430e+00 1.666666666666666785e+01 -1.666666666666667851e+00
3.000000000000000000e+01 2.241428571428571459e+01 3.000000000000000000e+01 9.781250000000000000e+00
1.950000000000000000e+01 1.223571428571428577e+01 1.200000000000000000e+01 -7.171875000000000000e+00
2.066666666666666785e+01 1.360000000000000142e+01 1.666666666666666785e+01 -1.666666666666667851e+00
