1.200000000000000000e+01 7.380952380952381375e+00 1.900000000000000000e+01 -8.500000000000000000e+00
0.000000000000000000e+00 -4.619047619047618625e+00 2.000000000000000000e+01 -7.500000000000000000e+00
3.000000000000000000e+00 -1.619047619047618625e+00 1.400000000000000000e+01 -1.350000000000000000e+01
6.000000000000000000e+00 1.380952380952381375e+00 3.200000000000000000e+01 4.500000000000000000e+00
2.000000000000000000e+00 -2.619047619047618625e+00 1.500000000000000000e+01 -1.250000000000000000e+01
3.000000000000000000e+00 -1.619047619047618625e+00 1.600000000000000000e+01 -1.150000000000000000e+01
0.000000000000000000e+00 -4.619047619047618625e+00 2.600000000000000000e+01 -1.500000000000000000e+00
0.000000000000000000e+00 -4.619047619047618625e+00 3.700000000000000000e+01 9.500000000000000000e+00
0.000000000000000000e+00 -4.619047619047618625e+00 1.500000000000000000e+01 -1.250000000000000000e+01
0.000000000000000000e+00 -4.619047619047618625e+00 1.400000000000000000e+01 -1.350000000000000000e+01
0.000000000000000000e+00 -4.619047619047618625e+00 1.600000000000000000e+01 -1.150000000000000000e+01
7.000000000000000000e+00 2.380952380952381375e+00 2.000000000000000000e+01 -7.500000000000000000e+00
1.900000000000000000e+01 1.438095238095238138e+01 2.500000000000000000e+01 -2.500000000000000000e+00
9.000000000000000000e+00 4.380952380952381375e+00 2.000000000000000000e+01 -7.500000000000000000e+00
1.500000000000000000e+01 1.038095238095238138e+01 2.600000000000000000e+01 -1.500000000000000000e+00
1.000000000000000000e+00 -3.619047619047618625e+00 2.600000000000000000e+01 -1.500000000000000000e+00
7.000000000000000000e+00 2.380952380952381375e+00 1.200000000000000000e+01 -1.550000000000000000e+01
0.000000000000000000e+00 -4.619047619047618625e+00 3.700000000000000000e+01 9.500000000000000000e+00
0.000000000000000000e+00 -4.619047619047618625e+00 2.800000000000000000e+01 5.000000000000000000e-01
9.000000000000000000e+00 4.380952380952381375e+00 1.200000000000000000e+01 -1.550000000000000000e+01
0.000000000000000000e+00 -4.619047619047618625e+00 1.500000000000000000e+01 -1.250000000000000000e+01
0.000000000000000000e+00 -4.619047619047618625e+00 2.300000000000000000e+01 -4.500000000000000000e+00
0.000000000000000000e+00 -4.619047619047618625e+00 2.300000000000000000e+01 -4.500000000000000000e+00
0.000000000000000000e+00 -4.619047619047618625e+00 2.400000000000000000e+01 -3.500000000000000000e+00
0.000000000000000000e+00 -4.619047619047618625e+00 1.900000000000000000e+01 -8.500000000000000000e+00
0.000000000000000000e+00 -4.619047619047618625e+00 1.900000000000000000e+01 -8.500000000000000000e+00
3.000000000000000000e+00 -1.619047619047618625e+00 2.600000000000000000e+01 -1.500000000000000000e+00
0.000000000000000000e+00 -4.619047619047618625e+00 4.000000000000000000e+00 -2.350000000000000000e+01
0.000000000000000000e+00 -4.619047619047618625e+00 2.400000000000000000e+01 -3.500000000000000000e+00
0.000000000000000000e+00 -4.619047619047618625e+00 4.000000000000000000e+01 1.250000000000000000e+01
3.000000000000000000e+00 -1.619047619047618625e+00 2.000000000000000000e+01 -7.500000000000000000e+00
3.000000000000000000e+00 -1.619047619047618625e+00 2.600000000000000000e+01 -1.500000000000000000e+00
0.000000000000000000e+00 -4.619047619047618625e+00 1.300000000000000000e+01 -1.450000000000000000e+01
0.000000000000000000e+00 -4.619047619047618625e+00 1.400000000000000000e+01 -1.350000000000000000e+01
0.000000000000000000e+00 -4.619047619047618625e+00 2.300000000000000000e+01 -4.500000000000000000e+00
0.000000000000000000e+00 -4.619047619047618625e+00 1.300000000000000000e+01 -1.450000000000000000e+01
0.000000000000000000e+00 -4.619047619047618625e+00 1.900000000000000000e+01 -8.500000000000000000e+00
1.500000000000000000e+01 1.038095238095238138e+01 2.100000000000000000e+01 -6.500000000000000000e+00
9.000000000000000000e+00 4.380952380952381375e+00 3.700000000000000000e+01 9.500000000000000000e+00
1.100000000000000000e+01 6.380952380952381375e+00 2.300000000000000000e+01 -4.500000000000000000e+00
0.000000000000000000e+00 -4.619047619047618625e+00 1.400000000000000000e+01 -1.350000000000000000e+01
3.000000000000000000e+00 -1.619047619047618625e+00 1.300000000000000000e+01 -1.450000000000000000e+01
8.000000000000000000e+00 3.380952380952381375e+00 2.800000000000000000e+01 5.000000000000000000e-01
9.000000000000000000e+00 4.380952380952381375e+00 2.600000000000000000e+01 -1.500000000000000000e+00
1.000000000000000000e+00 -3.619047619047618625e+00 2.500000000000000000e+01 -2.500000000000000000e+00
1.100000000000000000e+01 6.380952380952381375e+00 2.600000000000000000e+01 -1.500000000000000000e+00
2.000000000000000000e+00 -2.619047619047618625e+00 1.600000000000000000e+01 -1.150000000000000000e+01
0.000000000000000000e+00 -4.619047619047618625e+00 1.000000000000000000e+01 -1.750000000000000000e+01
0.000000000000000000e+00 -4.619047619047618625e+00 2.600000000000000000e+01 -1.500000000000000000e+00
7.000000000000000000e+00 2.380952380952381375e+00 1.500000000000000000e+01 -1.250000000000000000e+01
0.000000000000000000e+00 -4.619047619047618625e+00 2.500000000000000000e+01 -2.500000000000000000e+00
3.000000000000000000e+00 -1.619047619047618625e+00 2.900000000000000000e+01 1.500000000000000000e+00
9.000000000000000000e+00 4.380952380952381375e+00 2.200000000000000000e+01 -5.500000000000000000e+00
0.000000000000000000e+00 -4.619047619047618625e+00 3.200000000000000000e+01 4.500000000000000000e+00
9.000000000000000000e+00 4.380952380952381375e+00 1.900000000000000000e+01 -8.500000000000000000e+00
0.000000000000000000e+00 -4.619047619047618625e+00 1.700000000000000000e+01 -1.050000000000000000e+01
7.000000000000000000e+00 2.380952380952381375e+00 1.300000000000000000e+01 -1.450000000000000000e+01
1.400000000000000000e+01 9.380952380952381375e+00 2.300000000000000000e+01 -4.500000000000000000e+00
0.000000000000000000e+00 -4.619047619047618625e+00 2.000000000000000000e+01 -7.500000000000000000e+00
9.000000000000000000e+00 4.380952380952381375e+00 4.000000000000000000e+01 1.250000000000000000e+01
0.000000000000000000e+00 -4.619047619047618625e+00 1.200000000000000000e+01 -1.550000000000000000e+01
0.000000000000000000e+00 -4.619047619047618625e+00 2.600000000000000000e+01 -1.500000000000000000e+00
0.000000000000000000e+00 -4.619047619047618625e+00 1.700000000000000000e+01 -1.050000000000000000e+01
1.000000000000000000e+00 -3.619047619047618625e+00 2.100000000000000000e+01 -6.500000000000000000e+00
2.000000000000000000e+00 -2.619047619047618625e+00 2.300000000000000000e+01 -4.500000000000000000e+00
0.000000000000000000e+00 -4.619047619047618625e+00 1.500000000000000000e+01 -1.250000000000000000e+01
1.000000000000000000e+00 -3.619047619047618625e+00 2.000000000000000000e+01 -7.500000000000000000e+00
0.000000000000000000e+00 -4.619047619047618625e+00 2.000000000000000000e+01 -7.500000000000000000e+00
0.000000000000000000e+00 -4.619047619047618625e+00 4.000000000000000000e+00 -2.350000000000000000e+01
0.000000000000000000e+00 -4.619047619047618625e+00 1.500000000000000000e+01 -1.250000000000000000e+01
2.000000000000000000e+00 -2.619047619047618625e+00 1.900000000000000000e+01 -8.500000000000000000e+00
0.000000000000000000e+00 -4.619047619047618625e+00 1.900000000000000000e+01 -8.500000000000000000e+00
1.000000000000000000e+01 5.380952380952381375e+00 2.400000000000000000e+01 -3.500000000000000000e+00
5.000000000000000000e+00 3.809523809523813753e-01 2.600000000000000000e+01 -1.500000000000000000e+00
0.000000000000000000e+00 -4.619047619047618625e+00 1.400000000000000000e+01 -1.350000000000000000e+01
0.000000000000000000e+00 -4.619047619047618625e+00 4.000000000000000000e+00 -2.350000000000000000e+01
2.000000000000000000e+00 -2.619047619047618625e+00 2.000000000000000000e+01 -7.500000000000000000e+00
0.000000000000000000e+00 -4.619047619047618625e+00 3.100000000000000000e+01 3.500000000000000000e+00
3.000000000000000000e+00 -1.619047619047618625e+00 2.400000000000000000e+01 -3.500000000000000000e+00
0.000000000000000000e+00 -4.619047619047618625e+00 1.700000000000000000e+01 -1.050000000000000000e+01
6.000000000000000000e+00 1.380952380952381375e+00 1.500000000000000000e+01 -1.250000000000000000e+01
0.000000000000000000e+00 -4.619047619047618625e+00 2.600000000000000000e+01 -1.500000000000000000e+00
0.000000000000000000e+00 -4.619047619047618625e+00 2.500000000000000000e+01 -2.500000000000000000e+00
0.000000000000000000e+00 -4.619047619047618625e+00 2.900000000000000000e+01 1.500000000000000000e+00
4.000000000000000000e+00 -6.190476190476186247e-01 2.200000000000000000e+01 -5.500000000000000000e+00
1.100000000000000000e+01 6.380952380952381375e+00 1.600000000000000000e+01 -1.150000000000000000e+01
0.000000000000000000e+00 -4.619047619047618625e+00 2.600000000000000000e+01 -1.500000000000000000e+00
1.800000000000000000e+01 1.338095238095238138e+01 3.100000000000000000e+01 3.500000000000000000e+00
1.100000000000000000e+01 6.380952380952381375e+00 2.000000000000000000e+01 -7.500000000000000000e+00
0.000000000000000000e+00 -4.619047619047618625e+00 1.300000000000000000e+01 -1.450000000000000000e+01
5.000000000000000000e+00 3.809523809523813753e-01 2.600000000000000000e+01 -1.500000000000000000e+00
9.000000000000000000e+00 4.380952380952381375e+00 1.400000000000000000e+01 -1.350000000000000000e+01
4.000000000000000000e+00 -6.190476190476186247e-01 2.600000000000000000e+01 -1.500000000000000000e+00
2.000000000000000000e+00 -2.619047619047618625e+00 1.000000000000000000e+01 -1.750000000000000000e+01
2.000000000000000000e+00 -2.619047619047618625e+00 4.000000000000000000e+00 -2.350000000000000000e+01
0.000000000000000000e+00 -4.619047619047618625e+00 2.300000000000000000e+01 -4.500000000000000000e+00
0.000000000000000000e+00 -4.619047619047618625e+00 2.600000000000000000e+01 -1.500000000000000000e+00
0.000000000000000000e+00 -4.619047619047618625e+00 2.600000000000000000e+01 -1.500000000000000000e+00
3.000000000000000000e+00 -1.619047619047618625e+00 2.100000000000000000e+01 -6.500000000000000000e+00
0.000000000000000000e+00 -4.619047619047618625e+00 2.900000000000000000e+01 1.500000000000000000e+00
3.000000000000000000e+00 -1.619047619047618625e+00 1.200000000000000000e+01 -1.550000000000000000e+01
5.000000000000000000e+00 3.809523809523813753e-01 2.600000000000000000e+01 -1.500000000000000000e+00
3.000000000000000000e+00 -1.619047619047618625e+00 1.300000000000000000e+01 -1.450000000000000000e+01
1.700000000000000000e+01 1.238095238095238138e+01 2.600000000000000000e+01 -1.500000000000000000e+00
1.000000000000000000e+00 -3.619047619047618625e+00 2.600000000000000000e+01 -1.500000000000000000e+00
0.000000000000000000e+00 -4.619047619047618625e+00 2.600000000000000000e+01 -1.500000000000000000e+00
2.000000000000000000e+00 -2.619047619047618625e+00 2.300000000000000000e+01 -4.500000000000000000e+00
1.000000000000000000e+01 5.380952380952381375e+00 2.000000000000000000e+01 -7.500000000000000000e+00
0.000000000000000000e+00 -4.619047619047618625e+00 4.000000000000000000e+00 -2.350000000000000000e+01
3.000000000000000000e+00 -1.619047619047618625e+00 3.200000000000000000e+01 4.500000000000000000e+00
8.000000000000000000e+00 3.380952380952381375e+00 2.000000000000000000e+01 -7.500000000000000000e+00
0.000000000000000000e+00 -4.619047619047618625e+00 1.500000000000000000e+01 -1.250000000000000000e+01
0.000000000000000000e+00 -4.619047619047618625e+00 1.300000000000000000e+01 -1.450000000000000000e+01
2.000000000000000000e+00 -2.619047619047618625e+00 2.000000000000000000e+01 -7.500000000000000000e+00
6.000000000000000000e+00 1.380952380952381375e+00 4.000000000000000000e+01 1.250000000000000000e+01
0.000000000000000000e+00 -4.619047619047618625e+00 3.200000000000000000e+01 4.500000000000000000e+00
0.000000000000000000e+00 -4.619047619047618625e+00 1.000000000000000000e+01 -1.750000000000000000e+01
9.000000000000000000e+00 4.380952380952381375e+00 4.000000000000000000e+01 1.250000000000000000e+01
8.000000000000000000e+00 3.380952380952381375e+00 1.000000000000000000e+01 -1.750000000000000000e+01
9.000000000000000000e+00 4.380952380952381375e+00 2.000000000000000000e+01 -7.500000000000000000e+00
4.000000000000000000e+00 -6.190476190476186247e-01 1.300000000000000000e+01 -1.450000000000000000e+01
0.000000000000000000e+00 -4.619047619047618625e+00 1.300000000000000000e+01 -1.450000000000000000e+01
0.000000000000000000e+00 -4.619047619047618625e+00 2.300000000000000000e+01 -4.500000000000000000e+00
0.000000000000000000e+00 -4.619047619047618625e+00 3.200000000000000000e+01 4.500000000000000000e+00
0.000000000000000000e+00 -4.619047619047618625e+00 2.200000000000000000e+01 -5.500000000000000000e+00
3.000000000000000000e+00 -1.619047619047618625e+00 1.400000000000000000e+01 -1.350000000000000000e+01
0.000000000000000000e+00 -4.619047619047618625e+00 4.000000000000000000e+00 -2.350000000000000000e+01
0.000000000000000000e+00 -4.619047619047618625e+00 1.600000000000000000e+01 -1.150000000000000000e+01
0.000000000000000000e+00 -4.619047619047618625e+00 2.100000000000000000e+01 -6.500000000000000000e+00
0.000000000000000000e+00 -4.619047619047618625e+00 3.200000000000000000e+01 4.500000000000000000e+00
8.000000000000000000e+00 3.380952380952381375e+00 2.300000000000000000e+01 -4.500000000000000000e+00
2.000000000000000000e+00 -2.619047619047618625e+00 4.000000000000000000e+00 -2.350000000000000000e+01
0.000000000000000000e+00 -4.619047619047618625e+00 2.800000000000000000e+01 5.000000000000000000e-01
0.000000000000000000e+00 -4.619047619047618625e+00 2.900000000000000000e+01 1.500000000000000000e+00
2.300000000000000000e+01 1.838095238095237960e+01 3.200000000000000000e+01 4.500000000000000000e+00
0.000000000000000000e+00 -4.619047619047618625e+00 1.900000000000000000e+01 -8.500000000000000000e+00
9.000000000000000000e+00 4.380952380952381375e+00 2.900000000000000000e+01 1.500000000000000000e+00
0.000000000000000000e+00 -4.619047619047618625e+00 1.900000000000000000e+01 -8.500000000000000000e+00
1.000000000000000000e+00 -3.619047619047618625e+00 1.700000000000000000e+01 -1.050000000000000000e+01
0.000000000000000000e+00 -4.619047619047618625e+00 1.400000000000000000e+01 -1.350000000000000000e+01
1.000000000000000000e+00 -3.619047619047618625e+00 1.200000000000000000e+01 -1.550000000000000000e+01
0.000000000000000000e+00 -4.619047619047618625e+00 1.300000000000000000e+01 -1.450000000000000000e+01
0.000000000000000000e+00 -4.619047619047618625e+00 1.500000000000000000e+01 -1.250000000000000000e+01
0.000000000000000000e+00 -4.619047619047618625e+00 2.500000000000000000e+01 -2.500000000000000000e+00
1.000000000000000000e+00 -3.619047619047618625e+00 1.300000000000000000e+01 -1.450000000000000000e+01
1.000000000000000000e+00 -3.619047619047618625e+00 1.900000000000000000e+01 -8.500000000000000000e+00
0.000000000000000000e+00 -4.619047619047618625e+00 1.700000000000000000e+01 -1.050000000000000000e+01
0.000000000000000000e+00 -4.619047619047618625e+00 2.800000000000000000e+01 5.000000000000000000e-01
1.100000000000000000e+01 6.380952380952381375e+00 2.800000000000000000e+01 5.000000000000000000e-01
1.100000000000000000e+01 6.380952380952381375e+00 1.700000000000000000e+01 -1.050000000000000000e+01
0.000000000000000000e+00 -4.619047619047618625e+00 2.000000000000000000e+01 -7.500000000000000000e+00
0.000000000000000000e+00 -4.619047619047618625e+00 2.000000000000000000e+01 -7.500000000000000000e+00
0.000000000000000000e+00 -4.619047619047618625e+00 2.600000000000000000e+01 -1.500000000000000000e+00
0.000000000000000000e+00 -4.619047619047618625e+00 2.800000000000000000e+01 5.000000000000000000e-01
2.800000000000000000e+01 2.338095238095237960e+01 3.700000000000000000e+01 9.500000000000000000e+00
0.000000000000000000e+00 -4.619047619047618625e+00 2.600000000000000000e+01 -1.500000000000000000e+00
0.000000000000000000e+00 -4.619047619047618625e+00 1.400000000000000000e+01 -1.350000000000000000e+01
8.000000000000000000e+00 3.380952380952381375e+00 1.300000000000000000e+01 -1.450000000000000000e+01
3.000000000000000000e+00 -1.619047619047618625e+00 1.500000000000000000e+01 -1.250000000000000000e+01
0.000000000000000000e+00 -4.619047619047618625e+00 2.100000000000000000e+01 -6.500000000000000000e+00
0.000000000000000000e+00 -4.619047619047618625e+00 1.000000000000000000e+01 -1.750000000000000000e+01
0.000000000000000000e+00 -4.619047619047618625e+00 1.900000000000000000e+01 -8.500000000000000000e+00
0.000000000000000000e+00 -4.619047619047618625e+00 2.000000000000000000e+01 -7.500000000000000000e+00
1.400000000000000000e+01 9.380952380952381375e+00 2.600000000000000000e+01 -1.500000000000000000e+00
9.000000000000000000e+00 4.380952380952381375e+00 1.500000000000000000e+01 -1.250000000000000000e+01
0.000000000000000000e+00 -4.619047619047618625e+00 4.000000000000000000e+01 1.250000000000000000e+01
9.000000000000000000e+00 4.380952380952381375e+00 2.300000000000000000e+01 -4.500000000000000000e+00
0.000000000000000000e+00 -4.619047619047618625e+00 1.700000000000000000e+01 -1.050000000000000000e+01
0.000000000000000000e+00 -4.619047619047618625e+00 3.100000000000000000e+01 3.500000000000000000e+00
0.000000000000000000e+00 -4.619047619047618625e+00 2.500000000000000000e+01 -2.500000000000000000e+00
0.000000000000000000e+00 -4.619047619047618625e+00 2.200000000000000000e+01 -5.500000000000000000e+00
0.000000000000000000e+00 -4.619047619047618625e+00 3.200000000000000000e+01 4.500000000000000000e+00
0.000000000000000000e+00 -4.619047619047618625e+00 1.200000000000000000e+01 -1.550000000000000000e+01
1.300000000000000000e+01 8.380952380952381375e+00 4.000000000000000000e+01 1.250000000000000000e+01
0.000000000000000000e+00 -4.619047619047618625e+00 1.200000000000000000e+01 -1.550000000000000000e+01
2.000000000000000000e+00 -2.619047619047618625e+00 1.400000000000000000e+01 -1.350000000000000000e+01
0.000000000000000000e+00 -4.619047619047618625e+00 2.000000000000000000e+01 -7.500000000000000000e+00
5.000000000000000000e+00 3.809523809523813753e-01 2.400000000000000000e+01 -3.500000000000000000e+00
9.000000000000000000e+00 4.380952380952381375e+00 2.200000000000000000e+01 -5.500000000000000000e+00
0.000000000000000000e+00 -4.619047619047618625e+00 2.000000000000000000e+01 -7.500000000000000000e+00
1.700000000000000000e+01 1.238095238095238138e+01 2.900000000000000000e+01 1.500000000000000000e+00
0.000000000000000000e+00 -4.619047619047618625e+00 1.500000000000000000e+01 -1.250000000000000000e+01
0.000000000000000000e+00 -4.619047619047618625e+00 1.000000000000000000e+01 -1.750000000000000000e+01
6.000000000000000000e+00 1.380952380952381375e+00 2.400000000000000000e+01 -3.500000000000000000e+00
2.000000000000000000e+00 -2.619047619047618625e+00 3.100000000000000000e+01 3.500000000000000000e+00
0.000000000000000000e+00 -4.619047619047618625e+00 3.700000000000000000e+01 9.500000000000000000e+00
0.000000000000000000e+00 -4.619047619047618625e+00 2.800000000000000000e+01 5.000000000000000000e-01
0.000000000000000000e+00 -4.619047619047618625e+00 2.000000000000000000e+01 -7.500000000000000000e+00
1.100000000000000000e+01 6.380952380952381375e+00 3.100000000000000000e+01 3.500000000000000000e+00
3.000000000000000000e+00 -1.619047619047618625e+00 1.500000000000000000e+01 -1.250000000000000000e+01
3.000000000000000000e+00 -1.619047619047618625e+00 1.400000000000000000e+01 -1.350000000000000000e+01
5.000000000000000000e+00 3.809523809523813753e-01 2.500000000000000000e+01 -2.500000000000000000e+00
2.000000000000000000e+00 -2.619047619047618625e+00 2.100000000000000000e+01 -6.500000000000000000e+00
0.000000000000000000e+00 -4.619047619047618625e+00 1.400000000000000000e+01 -1.350000000000000000e+01
0.000000000000000000e+00 -4.619047619047618625e+00 1.300000000000000000e+01 -1.450000000000000000e+01
0.000000000000000000e+00 -4.619047619047618625e+00 1.900000000000000000e+01 -8.500000000000000000e+00
