3.000000000000000000e+00 4.239130434782607537e-01 1.100000000000000000e+01 1.343750000000000000e+00
8.500000000000000000e+00 6.080645161290322065e+00 1.250000000000000000e+01 3.453125000000000000e+00
5.666666666666666963e+00 3.333333333333333481e+00 8.666666666666666075e+00 2.500000000000000000e-01
5.250000000000000000e+00 2.905017921146953341e+00 5.000000000000000000e+00 -3.703125000000000000e+00
5.599999999999999645e+00 3.270967741935483453e+00 1.140000000000000036e+01 2.598437500000001066e+00
5.166666666666666963e+00 2.904255319148936643e+00 8.500000000000000000e+00 -6.145833333333428072e-02
2.000000000000000000e+00 -5.760869565217392463e-01 2.000000000000000000e+00 -7.656250000000000000e+00
1.500000000000000000e+00 -9.193548387096774910e-01 2.500000000000000000e+00 -6.546875000000000000e+00
2.666666666666666519e+00 3.333333333333330373e-01 5.333333333333333037e+00 -3.083333333333333037e+00
5.500000000000000000e+00 3.155017921146953341e+00 8.750000000000000000e+00 4.687500000000000000e-02
5.200000000000000178e+00 2.870967741935483986e+00 1.259999999999999964e+01 3.798437500000000355e+00
4.500000000000000000e+00 2.237588652482269680e+00 6.400000000000000355e+00 -2.161458333333333925e+00
0.000000000000000000e+00 -2.576086956521739246e+00 1.500000000000000000e+01 5.343750000000000000e+00
0.000000000000000000e+00 -2.419354838709677491e+00 1.450000000000000000e+01 5.453125000000000000e+00
0.000000000000000000e+00 -2.333333333333333481e+00 9.000000000000000000e+00 5.833333333333339255e-01
0.000000000000000000e+00 -2.344982078853046659e+00 1.325000000000000000e+01 4.546875000000000000e+00
0.000000000000000000e+00 -2.329032258064516192e+00 1.000000000000000000e+01 1.198437500000000711e+00
0.000000000000000000e+00 -2.262411347517730320e+00 8.199999999999999289e+00 -3.614583333333349913e-01
0.000000000000000000e+00 -2.576086956521739246e+00 6.000000000000000000e+00 -3.656250000000000000e+00
0.000000000000000000e+00 -2.419354838709677491e+00 6.000000000000000000e+00 -3.046875000000000000e+00
3.333333333333333148e-01 -2.000000000000000000e+00 4.666666666666666963e+00 -3.749999999999999112e+00
2.500000000000000000e-01 -2.094982078853046659e+00 1.050000000000000000e+01 1.796875000000000000e+00
2.000000000000000111e-01 -2.129032258064516014e+00 4.000000000000000000e+00 -4.801562499999999289e+00
1.666666666666666574e-01 -2.095744680851063801e+00 5.166666666666666963e+00 -3.394791666666667318e+00
0.000000000000000000e+00 -2.576086956521739246e+00 1.100000000000000000e+01 1.343750000000000000e+00
0.000000000000000000e+00 -2.419354838709677491e+00 1.800000000000000000e+01 8.953125000000000000e+00
0.000000000000000000e+00 -2.333333333333333481e+00 6.333333333333333037e+00 -2.083333333333333037e+00
0.000000000000000000e+00 -2.344982078853046659e+00 1.250000000000000000e+01 3.796875000000000000e+00
0.000000000000000000e+00 -2.329032258064516192e+00 7.750000000000000000e+00 -1.051562499999999289e+00
0.000000000000000000e+00 -2.262411347517730320e+00 1.133333333333333393e+01 2.771874999999999645e+00
0.000000000000000000e+00 -2.576086956521739246e+00 0.000000000000000000e+00 -9.656250000000000000e+00
1.000000000000000000e+00 -1.419354838709677491e+00 6.500000000000000000e+00 -2.546875000000000000e+00
3.000000000000000000e+00 6.666666666666665186e-01 5.666666666666666963e+00 -2.749999999999999112e+00
2.500000000000000000e+00 1.550179211469533413e-01 4.500000000000000000e+00 -4.203125000000000000e+00
2.399999999999999911e+00 7.096774193548371912e-02 8.199999999999999289e+00 -6.015625000000000000e-01
3.666666666666666519e+00 1.404255319148936199e+00 6.000000000000000000e+00 -2.561458333333334281e+00
3.000000000000000000e+00 4.239130434782607537e-01 4.000000000000000000e+00 -5.656250000000000000e+00
2.000000000000000000e+00 -4.193548387096774910e-01 3.500000000000000000e+00 -5.546875000000000000e+00
1.666666666666666741e+00 -6.666666666666667407e-01 3.333333333333333481e+00 -5.083333333333332149e+00
1.500000000000000000e+00 -8.449820788530466587e-01 8.000000000000000000e+00 -7.031250000000000000e-01
1.199999999999999956e+00 -1.062411347517730364e+00 4.333333333333333037e+00 -4.228125000000001243e+00
0.000000000000000000e+00 -2.576086956521739246e+00 4.000000000000000000e+00 -5.656250000000000000e+00
0.000000000000000000e+00 -2.419354838709677491e+00 5.500000000000000000e+00 -3.546875000000000000e+00
0.000000000000000000e+00 -2.333333333333333481e+00 1.666666666666666741e+00 -6.749999999999999112e+00
2.500000000000000000e-01 -2.094982078853046659e+00 8.000000000000000000e+00 -7.031250000000000000e-01
4.000000000000000222e-01 -1.929032258064516281e+00 6.000000000000000000e+00 -2.801562499999999289e+00
3.333333333333333148e-01 -1.929078014184397061e+00 4.833333333333333037e+00 -3.728125000000001243e+00
0.000000000000000000e+00 -2.576086956521739246e+00 1.000000000000000000e+01 3.437500000000000000e-01
0.000000000000000000e+00 -2.419354838709677491e+00 4.500000000000000000e+00 -4.546875000000000000e+00
0.000000000000000000e+00 -2.333333333333333481e+00 5.666666666666666963e+00 -2.749999999999999112e+00
0.000000000000000000e+00 -2.344982078853046659e+00 9.250000000000000000e+00 5.468750000000000000e-01
0.000000000000000000e+00 -2.329032258064516192e+00 8.750000000000000000e+00 -5.156249999999928946e-02
0.000000000000000000e+00 -2.262411347517730320e+00 6.666666666666666963e+00 -1.894791666666667318e+00
5.000000000000000000e+00 2.423913043478260754e+00 5.000000000000000000e+00 -4.656250000000000000e+00
3.000000000000000000e+00 5.806451612903225090e-01 2.500000000000000000e+00 -6.546875000000000000e+00
2.333333333333333481e+00 0.000000000000000000e+00 4.666666666666666963e+00 -3.749999999999999112e+00
1.750000000000000000e+00 -5.949820788530466587e-01 8.250000000000000000e+00 -4.531250000000000000e-01
1.600000000000000089e+00 -7.290322580645161032e-01 5.200000000000000178e+00 -3.601562499999999112e+00
1.500000000000000000e+00 -7.624113475177303201e-01 8.400000000000000355e+00 -1.614583333333339255e-01
0.000000000000000000e+00 -2.576086956521739246e+00 8.000000000000000000e+00 -1.656250000000000000e+00
0.000000000000000000e+00 -2.419354838709677491e+00 1.250000000000000000e+01 3.453125000000000000e+00
3.333333333333333481e+00 1.000000000000000000e+00 8.333333333333333925e+00 -8.333333333333214910e-02
4.250000000000000000e+00 1.905017921146953341e+00 1.750000000000000000e+01 8.796875000000000000e+00
4.400000000000000355e+00 2.070967741935484163e+00 9.400000000000000355e+00 5.984375000000010658e-01
0.000000000000000000e+00 -2.576086956521739246e+00 8.000000000000000000e+00 -1.656250000000000000e+00
0.000000000000000000e+00 -2.419354838709677491e+00 1.250000000000000000e+01 3.453125000000000000e+00
3.333333333333333148e-01 -2.000000000000000000e+00 8.333333333333333925e+00 -8.333333333333214910e-02
2.500000000000000000e-01 -2.094982078853046659e+00 1.750000000000000000e+01 8.796875000000000000e+00
1.000000000000000000e+00 -1.329032258064516192e+00 9.400000000000000355e+00 5.984375000000010658e-01
4.000000000000000000e+00 1.423913043478260754e+00 1.200000000000000000e+01 2.343750000000000000e+00
6.000000000000000000e+00 3.580645161290322509e+00 1.300000000000000000e+01 3.953125000000000000e+00
7.000000000000000000e+00 4.666666666666666075e+00 8.000000000000000000e+00 -4.166666666666660745e-01
9.000000000000000000e+00 6.655017921146953341e+00 6.250000000000000000e+00 -2.453125000000000000e+00
8.599999999999999645e+00 6.270967741935483453e+00 5.599999999999999645e+00 -3.201562499999999645e+00
3.000000000000000000e+00 4.239130434782607537e-01 8.000000000000000000e+00 -1.656250000000000000e+00
1.500000000000000000e+00 -9.193548387096774910e-01 5.500000000000000000e+00 -3.546875000000000000e+00
1.000000000000000000e+00 -1.333333333333333481e+00 2.333333333333333481e+00 -6.083333333333332149e+00
2.750000000000000000e+00 4.209677419354838079e-01 8.599999999999999645e+00 -2.015624999999996447e-01
2.799999999999999822e+00 5.375886524822695023e-01 1.050000000000000000e+01 1.938541666666665719e+00
0.000000000000000000e+00 -2.576086956521739246e+00 6.000000000000000000e+00 -3.656250000000000000e+00
0.000000000000000000e+00 -2.419354838709677491e+00 1.450000000000000000e+01 5.453125000000000000e+00
0.000000000000000000e+00 -2.333333333333333481e+00 5.666666666666666963e+00 -2.749999999999999112e+00
0.000000000000000000e+00 -2.344982078853046659e+00 5.000000000000000000e+00 -3.703125000000000000e+00
2.000000000000000111e-01 -2.129032258064516014e+00 1.150000000000000000e+01 2.698437500000000711e+00
1.666666666666666574e-01 -2.095744680851063801e+00 1.259999999999999964e+01 4.038541666666665364e+00
7.000000000000000000e+00 4.423913043478260754e+00 9.000000000000000000e+00 -6.562500000000000000e-01
6.000000000000000000e+00 3.580645161290322509e+00 4.500000000000000000e+00 -4.546875000000000000e+00
4.666666666666666963e+00 2.333333333333333481e+00 4.333333333333333037e+00 -4.083333333333333037e+00
3.500000000000000000e+00 1.155017921146953341e+00 4.500000000000000000e+00 -4.203125000000000000e+00
2.799999999999999822e+00 4.709677419354836303e-01 4.599999999999999645e+00 -4.201562499999999645e+00
2.333333333333333481e+00 7.092198581560316129e-02 7.333333333333333037e+00 -1.228125000000001243e+00
0.000000000000000000e+00 -2.576086956521739246e+00 1.200000000000000000e+01 2.343750000000000000e+00
5.000000000000000000e-01 -1.919354838709677491e+00 1.300000000000000000e+01 3.953125000000000000e+00
3.333333333333333148e-01 -2.000000000000000000e+00 8.000000000000000000e+00 -4.166666666666660745e-01
2.500000000000000000e-01 -2.094982078853046659e+00 6.250000000000000000e+00 -2.453125000000000000e+00
2.000000000000000111e-01 -2.129032258064516014e+00 5.599999999999999645e+00 -3.201562499999999645e+00
7.000000000000000000e+00 4.423913043478260754e+00 7.000000000000000000e+00 -2.656250000000000000e+00
4.000000000000000000e+00 1.580645161290322509e+00 6.000000000000000000e+00 -3.046875000000000000e+00
2.666666666666666519e+00 3.333333333333330373e-01 6.666666666666666963e+00 -1.749999999999999112e+00
2.250000000000000000e+00 -9.498207885304665865e-02 6.500000000000000000e+00 -2.203125000000000000e+00
1.800000000000000044e+00 -5.290322580645161477e-01 4.000000000000000000e+00 -4.801562499999999289e+00
2.000000000000000000e+00 -2.624113475177303201e-01 7.000000000000000000e+00 -1.561458333333334281e+00
0.000000000000000000e+00 -2.576086956521739246e+00 0.000000000000000000e+00 -9.656250000000000000e+00
5.000000000000000000e-01 -1.919354838709677491e+00 6.500000000000000000e+00 -2.546875000000000000e+00
3.333333333333333148e-01 -2.000000000000000000e+00 5.666666666666666963e+00 -2.749999999999999112e+00
2.500000000000000000e-01 -2.094982078853046659e+00 4.500000000000000000e+00 -4.203125000000000000e+00
1.399999999999999911e+00 -9.290322580645162809e-01 8.199999999999999289e+00 -6.015625000000000000e-01
1.166666666666666741e+00 -1.095744680851063579e+00 6.000000000000000000e+00 -2.561458333333334281e+00
8.000000000000000000e+00 5.423913043478260754e+00 1.200000000000000000e+01 2.343750000000000000e+00
5.500000000000000000e+00 3.080645161290322509e+00 1.300000000000000000e+01 3.953125000000000000e+00
4.333333333333333037e+00 1.999999999999999556e+00 8.000000000000000000e+00 -4.166666666666660745e-01
3.250000000000000000e+00 9.050179211469533413e-01 6.250000000000000000e+00 -2.453125000000000000e+00
3.200000000000000178e+00 8.709677419354839856e-01 5.599999999999999645e+00 -3.201562499999999645e+00
0.000000000000000000e+00 -2.576086956521739246e+00 4.000000000000000000e+00 -5.656250000000000000e+00
0.000000000000000000e+00 -2.419354838709677491e+00 5.000000000000000000e+00 -4.046875000000000000e+00
0.000000000000000000e+00 -2.333333333333333481e+00 9.000000000000000000e+00 5.833333333333339255e-01
0.000000000000000000e+00 -2.329032258064516192e+00 1.000000000000000000e+01 1.198437500000000711e+00
0.000000000000000000e+00 -2.262411347517730320e+00 1.183333333333333393e+01 3.271874999999999645e+00
4.000000000000000000e+00 1.423913043478260754e+00 1.800000000000000000e+01 8.343750000000000000e+00
3.000000000000000000e+00 5.806451612903225090e-01 6.000000000000000000e+00 -3.046875000000000000e+00
2.333333333333333481e+00 0.000000000000000000e+00 7.333333333333333037e+00 -1.083333333333333037e+00
1.750000000000000000e+00 -5.949820788530466587e-01 4.500000000000000000e+00 -4.203125000000000000e+00
1.399999999999999911e+00 -9.290322580645162809e-01 4.599999999999999645e+00 -4.201562499999999645e+00
1.166666666666666741e+00 -1.095744680851063579e+00 4.166666666666666963e+00 -4.394791666666667318e+00
0.000000000000000000e+00 -2.576086956521739246e+00 1.100000000000000000e+01 1.343750000000000000e+00
0.000000000000000000e+00 -2.419354838709677491e+00 1.800000000000000000e+01 8.953125000000000000e+00
0.000000000000000000e+00 -2.333333333333333481e+00 6.333333333333333037e+00 -2.083333333333333037e+00
0.000000000000000000e+00 -2.344982078853046659e+00 1.250000000000000000e+01 3.796875000000000000e+00
0.000000000000000000e+00 -2.329032258064516192e+00 7.750000000000000000e+00 -1.051562499999999289e+00
0.000000000000000000e+00 -2.262411347517730320e+00 1.133333333333333393e+01 2.771874999999999645e+00
8.000000000000000000e+00 5.423913043478260754e+00 1.500000000000000000e+01 5.343750000000000000e+00
1.750000000000000000e+01 1.508064516129032206e+01 1.450000000000000000e+01 5.453125000000000000e+00
1.166666666666666607e+01 9.333333333333332149e+00 9.000000000000000000e+00 5.833333333333339255e-01
9.500000000000000000e+00 7.155017921146953341e+00 1.325000000000000000e+01 4.546875000000000000e+00
1.119999999999999929e+01 8.870967741935483986e+00 1.000000000000000000e+01 1.198437500000000711e+00
1.066666666666666607e+01 8.404255319148935754e+00 8.199999999999999289e+00 -3.614583333333349913e-01
8.000000000000000000e+00 5.423913043478260754e+00 8.000000000000000000e+00 -1.656250000000000000e+00
1.550000000000000000e+01 1.308064516129032206e+01 1.250000000000000000e+01 3.453125000000000000e+00
1.200000000000000000e+01 9.666666666666666075e+00 8.333333333333333925e+00 -8.333333333333214910e-02
1.200000000000000000e+01 9.655017921146953341e+00 1.750000000000000000e+01 8.796875000000000000e+00
1.019999999999999929e+01 7.870967741935483097e+00 9.400000000000000355e+00 5.984375000000010658e-01
1.000000000000000000e+00 -1.576086956521739246e+00 1.000000000000000000e+00 -8.656250000000000000e+00
2.000000000000000000e+00 -4.193548387096774910e-01 7.500000000000000000e+00 -1.546875000000000000e+00
2.666666666666666519e+00 3.333333333333330373e-01 5.333333333333333037e+00 -3.083333333333333037e+00
3.500000000000000000e+00 1.155017921146953341e+00 4.750000000000000000e+00 -3.953125000000000000e+00
3.799999999999999822e+00 1.470967741935483630e+00 4.599999999999999645e+00 -4.201562499999999645e+00
4.500000000000000000e+00 2.237588652482269680e+00 1.200000000000000000e+01 3.438541666666665719e+00
0.000000000000000000e+00 -2.576086956521739246e+00 6.000000000000000000e+00 -3.656250000000000000e+00
0.000000000000000000e+00 -2.419354838709677491e+00 1.000000000000000000e+01 9.531250000000000000e-01
0.000000000000000000e+00 -2.333333333333333481e+00 1.700000000000000000e+01 8.583333333333333925e+00
0.000000000000000000e+00 -2.329032258064516192e+00 4.799999999999999822e+00 -4.001562499999999467e+00
0.000000000000000000e+00 -2.262411347517730320e+00 7.166666666666666963e+00 -1.394791666666667318e+00
0.000000000000000000e+00 -2.576086956521739246e+00 1.000000000000000000e+01 3.437500000000000000e-01
0.000000000000000000e+00 -2.419354838709677491e+00 4.500000000000000000e+00 -4.546875000000000000e+00
0.000000000000000000e+00 -2.333333333333333481e+00 5.666666666666666963e+00 -2.749999999999999112e+00
0.000000000000000000e+00 -2.344982078853046659e+00 9.250000000000000000e+00 5.468750000000000000e-01
0.000000000000000000e+00 -2.329032258064516192e+00 8.750000000000000000e+00 -5.156249999999928946e-02
1.666666666666666574e-01 -2.095744680851063801e+00 6.666666666666666963e+00 -1.894791666666667318e+00
0.000000000000000000e+00 -2.576086956521739246e+00 4.000000000000000000e+00 -5.656250000000000000e+00
0.000000000000000000e+00 -2.419354838709677491e+00 3.500000000000000000e+00 -5.546875000000000000e+00
0.000000000000000000e+00 -2.333333333333333481e+00 3.333333333333333481e+00 -5.083333333333332149e+00
2.500000000000000000e-01 -2.094982078853046659e+00 8.000000000000000000e+00 -7.031250000000000000e-01
2.000000000000000111e-01 -2.062411347517730142e+00 4.333333333333333037e+00 -4.228125000000001243e+00
0.000000000000000000e+00 -2.576086956521739246e+00 1.400000000000000000e+01 4.343750000000000000e+00
0.000000000000000000e+00 -2.419354838709677491e+00 9.000000000000000000e+00 -4.687500000000000000e-02
0.000000000000000000e+00 -2.333333333333333481e+00 1.233333333333333393e+01 3.916666666666667851e+00
0.000000000000000000e+00 -2.344982078853046659e+00 2.500000000000000000e+00 -6.203125000000000000e+00
2.000000000000000111e-01 -2.129032258064516014e+00 7.799999999999999822e+00 -1.001562499999999467e+00
1.666666666666666574e-01 -2.095744680851063801e+00 9.599999999999999645e+00 1.038541666666665364e+00
1.000000000000000000e+00 -1.576086956521739246e+00 1.400000000000000000e+01 4.343750000000000000e+00
5.000000000000000000e-01 -1.919354838709677491e+00 1.800000000000000000e+01 8.953125000000000000e+00
3.333333333333333148e-01 -2.000000000000000000e+00 5.000000000000000000e+00 -3.416666666666666075e+00
2.500000000000000000e-01 -2.094982078853046659e+00 4.500000000000000000e+00 -4.203125000000000000e+00
4.000000000000000222e-01 -1.929032258064516281e+00 5.000000000000000000e+00 -3.801562499999999289e+00
1.000000000000000000e+00 -1.262411347517730320e+00 7.000000000000000000e+00 -1.561458333333334281e+00
1.000000000000000000e+00 -1.576086956521739246e+00 1.800000000000000000e+01 8.343750000000000000e+00
5.000000000000000000e-01 -1.919354838709677491e+00 6.000000000000000000e+00 -3.046875000000000000e+00
3.333333333333333148e-01 -2.000000000000000000e+00 7.333333333333333037e+00 -1.083333333333333037e+00
2.500000000000000000e-01 -2.094982078853046659e+00 4.500000000000000000e+00 -4.203125000000000000e+00
5.999999999999999778e-01 -1.729032258064516103e+00 4.599999999999999645e+00 -4.201562499999999645e+00
5.000000000000000000e-01 -1.762411347517730320e+00 4.166666666666666963e+00 -4.394791666666667318e+00
0.000000000000000000e+00 -2.576086956521739246e+00 1.100000000000000000e+01 1.343750000000000000e+00
0.000000000000000000e+00 -2.419354838709677491e+00 1.250000000000000000e+01 3.453125000000000000e+00
0.000000000000000000e+00 -2.333333333333333481e+00 8.666666666666666075e+00 2.500000000000000000e-01
0.000000000000000000e+00 -2.344982078853046659e+00 5.000000000000000000e+00 -3.703125000000000000e+00
0.000000000000000000e+00 -2.329032258064516192e+00 1.140000000000000036e+01 2.598437500000001066e+00
1.666666666666666574e-01 -2.095744680851063801e+00 8.500000000000000000e+00 -6.145833333333428072e-02
4.000000000000000000e+00 1.423913043478260754e+00 4.000000000000000000e+00 -5.656250000000000000e+00
3.000000000000000000e+00 5.806451612903225090e-01 5.500000000000000000e+00 -3.546875000000000000e+00
2.000000000000000000e+00 -3.333333333333334814e-01 1.666666666666666741e+00 -6.749999999999999112e+00
1.500000000000000000e+00 -8.449820788530466587e-01 8.000000000000000000e+00 -7.031250000000000000e-01
1.199999999999999956e+00 -1.129032258064516236e+00 6.000000000000000000e+00 -2.801562499999999289e+00
1.000000000000000000e+00 -1.262411347517730320e+00 4.833333333333333037e+00 -3.728125000000001243e+00
5.000000000000000000e+00 2.423913043478260754e+00 6.000000000000000000e+00 -3.656250000000000000e+00
4.500000000000000000e+00 2.080645161290322509e+00 1.000000000000000000e+01 9.531250000000000000e-01
5.333333333333333037e+00 2.999999999999999556e+00 1.700000000000000000e+01 8.583333333333333925e+00
5.000000000000000000e+00 2.670967741935483808e+00 4.799999999999999822e+00 -4.001562499999999467e+00
5.400000000000000355e+00 3.137588652482270035e+00 7.166666666666666963e+00 -1.394791666666667318e+00
0.000000000000000000e+00 -2.576086956521739246e+00 2.000000000000000000e+00 -7.656250000000000000e+00
0.000000000000000000e+00 -2.419354838709677491e+00 1.050000000000000000e+01 1.453125000000000000e+00
0.000000000000000000e+00 -2.333333333333333481e+00 9.333333333333333925e+00 9.166666666666678509e-01
0.000000000000000000e+00 -2.344982078853046659e+00 6.750000000000000000e+00 -1.953125000000000000e+00
0.000000000000000000e+00 -2.262411347517730320e+00 4.333333333333333037e+00 -4.228125000000001243e+00
0.000000000000000000e+00 -2.576086956521739246e+00 6.000000000000000000e+00 -3.656250000000000000e+00
0.000000000000000000e+00 -2.419354838709677491e+00 1.000000000000000000e+01 9.531250000000000000e-01
0.000000000000000000e+00 -2.333333333333333481e+00 1.700000000000000000e+01 8.583333333333333925e+00
0.000000000000000000e+00 -2.329032258064516192e+00 4.799999999999999822e+00 -4.001562499999999467e+00
0.000000000000000000e+00 -2.262411347517730320e+00 7.166666666666666963e+00 -1.394791666666667318e+00
0.000000000000000000e+00 -2.576086956521739246e+00 1.600000000000000000e+01 6.343750000000000000e+00
0.000000000000000000e+00 -2.419354838709677491e+00 3.500000000000000000e+00 -5.546875000000000000e+00
0.000000000000000000e+00 -2.333333333333333481e+00 1.100000000000000000e+01 2.583333333333333925e+00
0.000000000000000000e+00 -2.344982078853046659e+00 4.500000000000000000e+00 -4.203125000000000000e+00
0.000000000000000000e+00 -2.329032258064516192e+00 7.599999999999999645e+00 -1.201562499999999645e+00
0.000000000000000000e+00 -2.262411347517730320e+00 4.599999999999999645e+00 -3.961458333333334636e+00
0.000000000000000000e+00 -2.576086956521739246e+00 4.000000000000000000e+00 -5.656250000000000000e+00
0.000000000000000000e+00 -2.419354838709677491e+00 3.500000000000000000e+00 -5.546875000000000000e+00
0.000000000000000000e+00 -2.333333333333333481e+00 3.333333333333333481e+00 -5.083333333333332149e+00
0.000000000000000000e+00 -2.344982078853046659e+00 8.000000000000000000e+00 -7.031250000000000000e-01
0.000000000000000000e+00 -2.262411347517730320e+00 4.333333333333333037e+00 -4.228125000000001243e+00
4.000000000000000000e+00 1.423913043478260754e+00 8.000000000000000000e+00 -1.656250000000000000e+00
2.000000000000000000e+00 -4.193548387096774910e-01 5.500000000000000000e+00 -3.546875000000000000e+00
2.000000000000000000e+00 -3.333333333333334814e-01 2.333333333333333481e+00 -6.083333333333332149e+00
2.250000000000000000e+00 -7.903225806451619206e-02 8.599999999999999645e+00 -2.015624999999996447e-01
5.000000000000000000e+00 2.737588652482269680e+00 1.050000000000000000e+01 1.938541666666665719e+00
0.000000000000000000e+00 -2.576086956521739246e+00 1.400000000000000000e+01 4.343750000000000000e+00
0.000000000000000000e+00 -2.419354838709677491e+00 9.000000000000000000e+00 -4.687500000000000000e-02
0.000000000000000000e+00 -2.333333333333333481e+00 1.233333333333333393e+01 3.916666666666667851e+00
0.000000000000000000e+00 -2.344982078853046659e+00 2.500000000000000000e+00 -6.203125000000000000e+00
0.000000000000000000e+00 -2.329032258064516192e+00 7.799999999999999822e+00 -1.001562499999999467e+00
1.666666666666666574e-01 -2.095744680851063801e+00 9.599999999999999645e+00 1.038541666666665364e+00
0.000000000000000000e+00 -2.576086956521739246e+00 6.000000000000000000e+00 -3.656250000000000000e+00
0.000000000000000000e+00 -2.419354838709677491e+00 1.450000000000000000e+01 5.453125000000000000e+00
0.000000000000000000e+00 -2.333333333333333481e+00 5.666666666666666963e+00 -2.749999999999999112e+00
0.000000000000000000e+00 -2.344982078853046659e+00 5.000000000000000000e+00 -3.703125000000000000e+00
0.000000000000000000e+00 -2.329032258064516192e+00 1.150000000000000000e+01 2.698437500000000711e+00
1.500000000000000000e+00 -7.624113475177303201e-01 1.259999999999999964e+01 4.038541666666665364e+00
0.000000000000000000e+00 -2.576086956521739246e+00 4.000000000000000000e+00 -5.656250000000000000e+00
0.000000000000000000e+00 -2.419354838709677491e+00 5.000000000000000000e+00 -4.046875000000000000e+00
0.000000000000000000e+00 -2.333333333333333481e+00 5.000000000000000000e+00 -3.416666666666666075e+00
0.000000000000000000e+00 -2.329032258064516192e+00 5.200000000000000178e+00 -3.601562499999999112e+00
0.000000000000000000e+00 -2.262411347517730320e+00 4.833333333333333037e+00 -3.728125000000001243e+00
0.000000000000000000e+00 -2.576086956521739246e+00 8.000000000000000000e+00 -1.656250000000000000e+00
0.000000000000000000e+00 -2.419354838709677491e+00 5.000000000000000000e+00 -4.046875000000000000e+00
0.000000000000000000e+00 -2.333333333333333481e+00 5.333333333333333037e+00 -3.083333333333333037e+00
0.000000000000000000e+00 -2.329032258064516192e+00 7.250000000000000000e+00 -1.551562499999999289e+00
0.000000000000000000e+00 -2.262411347517730320e+00 8.833333333333333925e+00 2.718749999999996447e-01
2.000000000000000000e+00 -5.760869565217392463e-01 2.000000000000000000e+00 -7.656250000000000000e+00
2.500000000000000000e+00 8.064516129032250902e-02 1.050000000000000000e+01 1.453125000000000000e+00
2.333333333333333481e+00 0.000000000000000000e+00 9.333333333333333925e+00 9.166666666666678509e-01
2.500000000000000000e+00 1.550179211469533413e-01 6.750000000000000000e+00 -1.953125000000000000e+00
2.600000000000000089e+00 3.375886524822697687e-01 4.333333333333333037e+00 -4.228125000000001243e+00
0.000000000000000000e+00 -2.576086956521739246e+00 3.000000000000000000e+00 -6.656250000000000000e+00
0.000000000000000000e+00 -2.419354838709677491e+00 6.500000000000000000e+00 -2.546875000000000000e+00
0.000000000000000000e+00 -2.333333333333333481e+00 1.200000000000000000e+01 3.583333333333333925e+00
0.000000000000000000e+00 -2.344982078853046659e+00 6.000000000000000000e+00 -2.703125000000000000e+00
0.000000000000000000e+00 -2.329032258064516192e+00 8.800000000000000711e+00 -1.562499999998578915e-03
0.000000000000000000e+00 -2.262411347517730320e+00 9.666666666666666075e+00 1.105208333333331794e+00
0.000000000000000000e+00 -2.576086956521739246e+00 2.000000000000000000e+00 -7.656250000000000000e+00
0.000000000000000000e+00 -2.419354838709677491e+00 2.000000000000000000e+00 -7.046875000000000000e+00
0.000000000000000000e+00 -2.333333333333333481e+00 9.333333333333333925e+00 9.166666666666678509e-01
1.250000000000000000e+00 -1.094982078853046659e+00 4.750000000000000000e+00 -3.953125000000000000e+00
1.000000000000000000e+00 -1.329032258064516192e+00 5.400000000000000355e+00 -3.401562499999998934e+00
8.333333333333333703e-01 -1.429078014184396839e+00 7.799999999999999822e+00 -7.614583333333344584e-01
0.000000000000000000e+00 -2.576086956521739246e+00 2.000000000000000000e+00 -7.656250000000000000e+00
0.000000000000000000e+00 -2.419354838709677491e+00 2.000000000000000000e+00 -7.046875000000000000e+00
0.000000000000000000e+00 -2.333333333333333481e+00 9.333333333333333925e+00 9.166666666666678509e-01
0.000000000000000000e+00 -2.344982078853046659e+00 4.750000000000000000e+00 -3.953125000000000000e+00
0.000000000000000000e+00 -2.329032258064516192e+00 5.400000000000000355e+00 -3.401562499999998934e+00
0.000000000000000000e+00 -2.262411347517730320e+00 7.799999999999999822e+00 -7.614583333333344584e-01
0.000000000000000000e+00 -2.576086956521739246e+00 4.000000000000000000e+00 -5.656250000000000000e+00
0.000000000000000000e+00 -2.419354838709677491e+00 5.000000000000000000e+00 -4.046875000000000000e+00
0.000000000000000000e+00 -2.333333333333333481e+00 9.000000000000000000e+00 5.833333333333339255e-01
0.000000000000000000e+00 -2.329032258064516192e+00 1.000000000000000000e+01 1.198437500000000711e+00
0.000000000000000000e+00 -2.262411347517730320e+00 1.183333333333333393e+01 3.271874999999999645e+00
1.400000000000000000e+01 1.142391304347826164e+01 1.400000000000000000e+01 4.343750000000000000e+00
1.050000000000000000e+01 8.080645161290322065e+00 9.000000000000000000e+00 -4.687500000000000000e-02
1.100000000000000000e+01 8.666666666666666075e+00 1.233333333333333393e+01 3.916666666666667851e+00
9.000000000000000000e+00 6.655017921146953341e+00 2.500000000000000000e+00 -6.203125000000000000e+00
1.100000000000000000e+01 8.670967741935484696e+00 7.799999999999999822e+00 -1.001562499999999467e+00
1.116666666666666607e+01 8.904255319148935754e+00 9.599999999999999645e+00 1.038541666666665364e+00
0.000000000000000000e+00 -2.576086956521739246e+00 0.000000000000000000e+00 -9.656250000000000000e+00
0.000000000000000000e+00 -2.419354838709677491e+00 3.500000000000000000e+00 -5.546875000000000000e+00
0.000000000000000000e+00 -2.333333333333333481e+00 4.666666666666666963e+00 -3.749999999999999112e+00
0.000000000000000000e+00 -2.344982078853046659e+00 7.250000000000000000e+00 -1.453125000000000000e+00
0.000000000000000000e+00 -2.329032258064516192e+00 1.400000000000000000e+01 5.198437500000000711e+00
0.000000000000000000e+00 -2.262411347517730320e+00 9.500000000000000000e+00 9.385416666666657193e-01
2.000000000000000000e+00 -5.760869565217392463e-01 2.000000000000000000e+00 -7.656250000000000000e+00
1.000000000000000000e+00 -1.419354838709677491e+00 2.000000000000000000e+00 -7.046875000000000000e+00
4.000000000000000000e+00 1.666666666666666519e+00 9.333333333333333925e+00 9.166666666666678509e-01
3.000000000000000000e+00 6.550179211469533413e-01 4.750000000000000000e+00 -3.953125000000000000e+00
2.600000000000000089e+00 2.709677419354838968e-01 5.400000000000000355e+00 -3.401562499999998934e+00
3.333333333333333481e+00 1.070921985815603161e+00 7.799999999999999822e+00 -7.614583333333344584e-01
0.000000000000000000e+00 -2.576086956521739246e+00 2.000000000000000000e+00 -7.656250000000000000e+00
0.000000000000000000e+00 -2.419354838709677491e+00 2.500000000000000000e+00 -6.546875000000000000e+00
0.000000000000000000e+00 -2.333333333333333481e+00 5.333333333333333037e+00 -3.083333333333333037e+00
0.000000000000000000e+00 -2.344982078853046659e+00 8.750000000000000000e+00 4.687500000000000000e-02
1.199999999999999956e+00 -1.129032258064516236e+00 1.259999999999999964e+01 3.798437500000000355e+00
1.000000000000000000e+00 -1.262411347517730320e+00 6.400000000000000355e+00 -2.161458333333333925e+00
0.000000000000000000e+00 -2.576086956521739246e+00 1.600000000000000000e+01 6.343750000000000000e+00
0.000000000000000000e+00 -2.419354838709677491e+00 3.500000000000000000e+00 -5.546875000000000000e+00
0.000000000000000000e+00 -2.333333333333333481e+00 1.100000000000000000e+01 2.583333333333333925e+00
0.000000000000000000e+00 -2.344982078853046659e+00 4.500000000000000000e+00 -4.203125000000000000e+00
0.000000000000000000e+00 -2.329032258064516192e+00 7.599999999999999645e+00 -1.201562499999999645e+00
0.000000000000000000e+00 -2.262411347517730320e+00 4.599999999999999645e+00 -3.961458333333334636e+00
1.000000000000000000e+00 -1.576086956521739246e+00 8.000000000000000000e+00 -1.656250000000000000e+00
2.500000000000000000e+00 8.064516129032250902e-02 5.500000000000000000e+00 -3.546875000000000000e+00
1.666666666666666741e+00 -6.666666666666667407e-01 2.333333333333333481e+00 -6.083333333333332149e+00
1.250000000000000000e+00 -1.079032258064516192e+00 8.599999999999999645e+00 -2.015624999999996447e-01
1.000000000000000000e+00 -1.262411347517730320e+00 1.050000000000000000e+01 1.938541666666665719e+00
2.000000000000000000e+00 -5.760869565217392463e-01 1.500000000000000000e+01 5.343750000000000000e+00
1.000000000000000000e+00 -1.419354838709677491e+00 1.450000000000000000e+01 5.453125000000000000e+00
2.666666666666666519e+00 3.333333333333330373e-01 9.000000000000000000e+00 5.833333333333339255e-01
2.000000000000000000e+00 -3.449820788530466587e-01 1.325000000000000000e+01 4.546875000000000000e+00
1.600000000000000089e+00 -7.290322580645161032e-01 1.000000000000000000e+01 1.198437500000000711e+00
2.333333333333333481e+00 7.092198581560316129e-02 8.199999999999999289e+00 -3.614583333333349913e-01
0.000000000000000000e+00 -2.576086956521739246e+00 1.000000000000000000e+00 -8.656250000000000000e+00
0.000000000000000000e+00 -2.419354838709677491e+00 7.500000000000000000e+00 -1.546875000000000000e+00
0.000000000000000000e+00 -2.333333333333333481e+00 5.333333333333333037e+00 -3.083333333333333037e+00
0.000000000000000000e+00 -2.344982078853046659e+00 4.750000000000000000e+00 -3.953125000000000000e+00
0.000000000000000000e+00 -2.329032258064516192e+00 4.599999999999999645e+00 -4.201562499999999645e+00
0.000000000000000000e+00 -2.262411347517730320e+00 1.200000000000000000e+01 3.438541666666665719e+00
0.000000000000000000e+00 -2.576086956521739246e+00 1.400000000000000000e+01 4.343750000000000000e+00
0.000000000000000000e+00 -2.419354838709677491e+00 1.800000000000000000e+01 8.953125000000000000e+00
0.000000000000000000e+00 -2.333333333333333481e+00 5.000000000000000000e+00 -3.416666666666666075e+00
0.000000000000000000e+00 -2.344982078853046659e+00 4.500000000000000000e+00 -4.203125000000000000e+00
0.000000000000000000e+00 -2.329032258064516192e+00 5.000000000000000000e+00 -3.801562499999999289e+00
0.000000000000000000e+00 -2.262411347517730320e+00 7.000000000000000000e+00 -1.561458333333334281e+00
3.000000000000000000e+00 4.239130434782607537e-01 4.000000000000000000e+00 -5.656250000000000000e+00
1.500000000000000000e+00 -9.193548387096774910e-01 5.000000000000000000e+00 -4.046875000000000000e+00
1.000000000000000000e+00 -1.333333333333333481e+00 5.000000000000000000e+00 -3.416666666666666075e+00
7.500000000000000000e-01 -1.579032258064516192e+00 5.200000000000000178e+00 -3.601562499999999112e+00
5.999999999999999778e-01 -1.662411347517730231e+00 4.833333333333333037e+00 -3.728125000000001243e+00
1.000000000000000000e+00 -1.576086956521739246e+00 4.000000000000000000e+00 -5.656250000000000000e+00
5.000000000000000000e-01 -1.919354838709677491e+00 3.500000000000000000e+00 -5.546875000000000000e+00
3.333333333333333148e-01 -2.000000000000000000e+00 3.333333333333333481e+00 -5.083333333333332149e+00
1.750000000000000000e+00 -5.949820788530466587e-01 8.000000000000000000e+00 -7.031250000000000000e-01
1.399999999999999911e+00 -8.624113475177304089e-01 4.333333333333333037e+00 -4.228125000000001243e+00
0.000000000000000000e+00 -2.576086956521739246e+00 1.400000000000000000e+01 4.343750000000000000e+00
3.500000000000000000e+00 1.080645161290322509e+00 5.500000000000000000e+00 -3.546875000000000000e+00
2.666666666666666519e+00 3.333333333333330373e-01 1.666666666666666785e+01 8.250000000000001776e+00
2.000000000000000000e+00 -3.449820788530466587e-01 8.000000000000000000e+00 -7.031250000000000000e-01
1.600000000000000089e+00 -7.290322580645161032e-01 4.799999999999999822e+00 -4.001562499999999467e+00
1.333333333333333259e+00 -9.290780141843970608e-01 5.666666666666666963e+00 -2.894791666666667318e+00
0.000000000000000000e+00 -2.576086956521739246e+00 8.000000000000000000e+00 -1.656250000000000000e+00
0.000000000000000000e+00 -2.419354838709677491e+00 5.500000000000000000e+00 -3.546875000000000000e+00
0.000000000000000000e+00 -2.333333333333333481e+00 2.333333333333333481e+00 -6.083333333333332149e+00
0.000000000000000000e+00 -2.329032258064516192e+00 8.599999999999999645e+00 -2.015624999999996447e-01
0.000000000000000000e+00 -2.262411347517730320e+00 1.050000000000000000e+01 1.938541666666665719e+00
0.000000000000000000e+00 -2.576086956521739246e+00 1.100000000000000000e+01 1.343750000000000000e+00
0.000000000000000000e+00 -2.419354838709677491e+00 1.500000000000000000e+01 5.953125000000000000e+00
0.000000000000000000e+00 -2.333333333333333481e+00 5.666666666666666963e+00 -2.749999999999999112e+00
2.500000000000000000e-01 -2.094982078853046659e+00 1.125000000000000000e+01 2.546875000000000000e+00
2.000000000000000111e-01 -2.129032258064516014e+00 3.600000000000000089e+00 -5.201562499999999645e+00
5.000000000000000000e-01 -1.762411347517730320e+00 4.666666666666666963e+00 -3.894791666666667318e+00
0.000000000000000000e+00 -2.576086956521739246e+00 9.000000000000000000e+00 -6.562500000000000000e-01
0.000000000000000000e+00 -2.419354838709677491e+00 4.500000000000000000e+00 -4.546875000000000000e+00
0.000000000000000000e+00 -2.333333333333333481e+00 4.333333333333333037e+00 -4.083333333333333037e+00
2.500000000000000000e-01 -2.094982078853046659e+00 4.500000000000000000e+00 -4.203125000000000000e+00
8.000000000000000444e-01 -1.529032258064516148e+00 4.599999999999999645e+00 -4.201562499999999645e+00
1.166666666666666741e+00 -1.095744680851063579e+00 7.333333333333333037e+00 -1.228125000000001243e+00
0.000000000000000000e+00 -2.576086956521739246e+00 0.000000000000000000e+00 -9.656250000000000000e+00
0.000000000000000000e+00 -2.419354838709677491e+00 6.500000000000000000e+00 -2.546875000000000000e+00
0.000000000000000000e+00 -2.333333333333333481e+00 5.666666666666666963e+00 -2.749999999999999112e+00
0.000000000000000000e+00 -2.344982078853046659e+00 4.500000000000000000e+00 -4.203125000000000000e+00
0.000000000000000000e+00 -2.329032258064516192e+00 8.199999999999999289e+00 -6.015625000000000000e-01
0.000000000000000000e+00 -2.262411347517730320e+00 6.000000000000000000e+00 -2.561458333333334281e+00
2.000000000000000000e+00 -5.760869565217392463e-01 9.000000000000000000e+00 -6.562500000000000000e-01
2.000000000000000000e+00 -4.193548387096774910e-01 4.500000000000000000e+00 -4.546875000000000000e+00
1.333333333333333259e+00 -1.000000000000000222e+00 4.333333333333333037e+00 -4.083333333333333037e+00
1.750000000000000000e+00 -5.949820788530466587e-01 4.500000000000000000e+00 -4.203125000000000000e+00
1.600000000000000089e+00 -7.290322580645161032e-01 4.599999999999999645e+00 -4.201562499999999645e+00
1.333333333333333259e+00 -9.290780141843970608e-01 7.333333333333333037e+00 -1.228125000000001243e+00
0.000000000000000000e+00 -2.576086956521739246e+00 4.000000000000000000e+00 -5.656250000000000000e+00
0.000000000000000000e+00 -2.419354838709677491e+00 5.000000000000000000e+00 -4.046875000000000000e+00
0.000000000000000000e+00 -2.333333333333333481e+00 5.000000000000000000e+00 -3.416666666666666075e+00
0.000000000000000000e+00 -2.329032258064516192e+00 5.200000000000000178e+00 -3.601562499999999112e+00
0.000000000000000000e+00 -2.262411347517730320e+00 4.833333333333333037e+00 -3.728125000000001243e+00
1.100000000000000000e+01 8.423913043478261642e+00 1.100000000000000000e+01 1.343750000000000000e+00
9.500000000000000000e+00 7.080645161290322065e+00 1.500000000000000000e+01 5.953125000000000000e+00
7.000000000000000000e+00 4.666666666666666075e+00 5.666666666666666963e+00 -2.749999999999999112e+00
1.100000000000000000e+01 8.655017921146953341e+00 1.125000000000000000e+01 2.546875000000000000e+00
8.800000000000000711e+00 6.470967741935484518e+00 3.600000000000000089e+00 -5.201562499999999645e+00
7.333333333333333037e+00 5.070921985815602717e+00 4.666666666666666963e+00 -3.894791666666667318e+00
1.600000000000000000e+01 1.342391304347826164e+01 1.600000000000000000e+01 6.343750000000000000e+00
9.500000000000000000e+00 7.080645161290322065e+00 3.500000000000000000e+00 -5.546875000000000000e+00
6.333333333333333037e+00 3.999999999999999556e+00 1.100000000000000000e+01 2.583333333333333925e+00
4.750000000000000000e+00 2.405017921146953341e+00 4.500000000000000000e+00 -4.203125000000000000e+00
3.799999999999999822e+00 1.470967741935483630e+00 7.599999999999999645e+00 -1.201562499999999645e+00
3.666666666666666519e+00 1.404255319148936199e+00 4.599999999999999645e+00 -3.961458333333334636e+00
6.000000000000000000e+00 3.423913043478260754e+00 6.000000000000000000e+00 -3.656250000000000000e+00
1.050000000000000000e+01 8.080645161290322065e+00 1.450000000000000000e+01 5.453125000000000000e+00
9.000000000000000000e+00 6.666666666666666075e+00 5.666666666666666963e+00 -2.749999999999999112e+00
8.250000000000000000e+00 5.905017921146953341e+00 5.000000000000000000e+00 -3.703125000000000000e+00
6.599999999999999645e+00 4.270967741935483453e+00 1.150000000000000000e+01 2.698437500000000711e+00
5.500000000000000000e+00 3.237588652482269680e+00 1.259999999999999964e+01 4.038541666666665364e+00
1.000000000000000000e+00 -1.576086956521739246e+00 4.000000000000000000e+00 -5.656250000000000000e+00
1.500000000000000000e+00 -9.193548387096774910e-01 5.000000000000000000e+00 -4.046875000000000000e+00
1.000000000000000000e+00 -1.333333333333333481e+00 5.000000000000000000e+00 -3.416666666666666075e+00
1.000000000000000000e+00 -1.329032258064516192e+00 5.200000000000000178e+00 -3.601562499999999112e+00
2.000000000000000000e+00 -2.624113475177303201e-01 4.833333333333333037e+00 -3.728125000000001243e+00
0.000000000000000000e+00 -2.576086956521739246e+00 1.100000000000000000e+01 1.343750000000000000e+00
0.000000000000000000e+00 -2.419354838709677491e+00 1.800000000000000000e+01 8.953125000000000000e+00
6.666666666666666297e-01 -1.666666666666666963e+00 6.333333333333333037e+00 -2.083333333333333037e+00
5.000000000000000000e-01 -1.844982078853046659e+00 1.250000000000000000e+01 3.796875000000000000e+00
4.000000000000000222e-01 -1.929032258064516281e+00 7.750000000000000000e+00 -1.051562499999999289e+00
3.333333333333333148e-01 -1.929078014184397061e+00 1.133333333333333393e+01 2.771874999999999645e+00
0.000000000000000000e+00 -2.576086956521739246e+00 9.000000000000000000e+00 -6.562500000000000000e-01
0.000000000000000000e+00 -2.419354838709677491e+00 4.500000000000000000e+00 -4.546875000000000000e+00
0.000000000000000000e+00 -2.333333333333333481e+00 4.333333333333333037e+00 -4.083333333333333037e+00
0.000000000000000000e+00 -2.344982078853046659e+00 4.500000000000000000e+00 -4.203125000000000000e+00
2.000000000000000111e-01 -2.129032258064516014e+00 4.599999999999999645e+00 -4.201562499999999645e+00
1.666666666666666574e-01 -2.095744680851063801e+00 7.333333333333333037e+00 -1.228125000000001243e+00
0.000000000000000000e+00 -2.576086956521739246e+00 8.000000000000000000e+00 -1.656250000000000000e+00
5.000000000000000000e-01 -1.919354838709677491e+00 5.000000000000000000e+00 -4.046875000000000000e+00
3.333333333333333148e-01 -2.000000000000000000e+00 5.333333333333333037e+00 -3.083333333333333037e+00
2.500000000000000000e-01 -2.079032258064516192e+00 7.250000000000000000e+00 -1.551562499999999289e+00
2.000000000000000111e-01 -2.062411347517730142e+00 8.833333333333333925e+00 2.718749999999996447e-01
0.000000000000000000e+00 -2.576086956521739246e+00 2.800000000000000000e+01 1.834375000000000000e+01
3.000000000000000000e+00 5.806451612903225090e-01 1.300000000000000000e+01 3.953125000000000000e+00
4.666666666666666963e+00 2.333333333333333481e+00 1.500000000000000000e+01 6.583333333333333925e+00
3.750000000000000000e+00 1.420967741935483808e+00 1.325000000000000000e+01 4.448437500000000711e+00
3.000000000000000000e+00 7.375886524822696799e-01 1.116666666666666607e+01 2.605208333333331794e+00
4.000000000000000000e+00 1.423913043478260754e+00 6.000000000000000000e+00 -3.656250000000000000e+00
3.500000000000000000e+00 1.080645161290322509e+00 6.000000000000000000e+00 -3.046875000000000000e+00
3.333333333333333481e+00 1.000000000000000000e+00 4.666666666666666963e+00 -3.749999999999999112e+00
2.500000000000000000e+00 1.550179211469533413e-01 1.050000000000000000e+01 1.796875000000000000e+00
2.000000000000000000e+00 -3.290322580645161921e-01 4.000000000000000000e+00 -4.801562499999999289e+00
2.000000000000000000e+00 -2.624113475177303201e-01 5.166666666666666963e+00 -3.394791666666667318e+00
1.300000000000000000e+01 1.042391304347826164e+01 1.400000000000000000e+01 4.343750000000000000e+00
1.050000000000000000e+01 8.080645161290322065e+00 1.800000000000000000e+01 8.953125000000000000e+00
7.333333333333333037e+00 5.000000000000000000e+00 5.000000000000000000e+00 -3.416666666666666075e+00
6.000000000000000000e+00 3.655017921146953341e+00 4.500000000000000000e+00 -4.203125000000000000e+00
5.400000000000000355e+00 3.070967741935484163e+00 5.000000000000000000e+00 -3.801562499999999289e+00
6.166666666666666963e+00 3.904255319148936643e+00 7.000000000000000000e+00 -1.561458333333334281e+00
0.000000000000000000e+00 -2.576086956521739246e+00 5.000000000000000000e+00 -4.656250000000000000e+00
0.000000000000000000e+00 -2.419354838709677491e+00 2.500000000000000000e+00 -6.546875000000000000e+00
3.333333333333333148e-01 -2.000000000000000000e+00 4.666666666666666963e+00 -3.749999999999999112e+00
2.500000000000000000e-01 -2.094982078853046659e+00 8.250000000000000000e+00 -4.531250000000000000e-01
2.000000000000000111e-01 -2.129032258064516014e+00 5.200000000000000178e+00 -3.601562499999999112e+00
1.666666666666666574e-01 -2.095744680851063801e+00 8.400000000000000355e+00 -1.614583333333339255e-01
0.000000000000000000e+00 -2.576086956521739246e+00 7.000000000000000000e+00 -2.656250000000000000e+00
0.000000000000000000e+00 -2.419354838709677491e+00 6.000000000000000000e+00 -3.046875000000000000e+00
0.000000000000000000e+00 -2.333333333333333481e+00 6.666666666666666963e+00 -1.749999999999999112e+00
0.000000000000000000e+00 -2.344982078853046659e+00 6.500000000000000000e+00 -2.203125000000000000e+00
0.000000000000000000e+00 -2.329032258064516192e+00 4.000000000000000000e+00 -4.801562499999999289e+00
0.000000000000000000e+00 -2.262411347517730320e+00 7.000000000000000000e+00 -1.561458333333334281e+00
0.000000000000000000e+00 -2.576086956521739246e+00 1.100000000000000000e+01 1.343750000000000000e+00
3.000000000000000000e+00 5.806451612903225090e-01 1.500000000000000000e+01 5.953125000000000000e+00
4.666666666666666963e+00 2.333333333333333481e+00 5.666666666666666963e+00 -2.749999999999999112e+00
5.000000000000000000e+00 2.655017921146953341e+00 1.125000000000000000e+01 2.546875000000000000e+00
4.000000000000000000e+00 1.670967741935483808e+00 3.600000000000000089e+00 -5.201562499999999645e+00
3.666666666666666519e+00 1.404255319148936199e+00 4.666666666666666963e+00 -3.894791666666667318e+00
4.000000000000000000e+00 1.423913043478260754e+00 4.000000000000000000e+00 -5.656250000000000000e+00
3.000000000000000000e+00 5.806451612903225090e-01 5.000000000000000000e+00 -4.046875000000000000e+00
2.333333333333333481e+00 0.000000000000000000e+00 9.000000000000000000e+00 5.833333333333339255e-01
1.750000000000000000e+00 -5.790322580645161921e-01 1.000000000000000000e+01 1.198437500000000711e+00
1.399999999999999911e+00 -8.624113475177304089e-01 1.183333333333333393e+01 3.271874999999999645e+00
0.000000000000000000e+00 -2.576086956521739246e+00 2.000000000000000000e+00 -7.656250000000000000e+00
0.000000000000000000e+00 -2.419354838709677491e+00 2.500000000000000000e+00 -6.546875000000000000e+00
0.000000000000000000e+00 -2.333333333333333481e+00 5.333333333333333037e+00 -3.083333333333333037e+00
0.000000000000000000e+00 -2.344982078853046659e+00 8.750000000000000000e+00 4.687500000000000000e-02
0.000000000000000000e+00 -2.329032258064516192e+00 1.259999999999999964e+01 3.798437500000000355e+00
0.000000000000000000e+00 -2.262411347517730320e+00 6.400000000000000355e+00 -2.161458333333333925e+00
9.000000000000000000e+00 6.423913043478260754e+00 1.100000000000000000e+01 1.343750000000000000e+00
1.450000000000000000e+01 1.208064516129032206e+01 1.800000000000000000e+01 8.953125000000000000e+00
1.133333333333333393e+01 9.000000000000000000e+00 6.333333333333333037e+00 -2.083333333333333037e+00
1.200000000000000000e+01 9.655017921146953341e+00 1.250000000000000000e+01 3.796875000000000000e+00
1.040000000000000036e+01 8.070967741935483275e+00 7.750000000000000000e+00 -1.051562499999999289e+00
9.500000000000000000e+00 7.237588652482269680e+00 1.133333333333333393e+01 2.771874999999999645e+00
0.000000000000000000e+00 -2.576086956521739246e+00 2.000000000000000000e+00 -7.656250000000000000e+00
0.000000000000000000e+00 -2.419354838709677491e+00 1.050000000000000000e+01 1.453125000000000000e+00
0.000000000000000000e+00 -2.333333333333333481e+00 9.333333333333333925e+00 9.166666666666678509e-01
1.750000000000000000e+00 -5.949820788530466587e-01 6.750000000000000000e+00 -1.953125000000000000e+00
1.399999999999999911e+00 -8.624113475177304089e-01 4.333333333333333037e+00 -4.228125000000001243e+00
0.000000000000000000e+00 -2.576086956521739246e+00 4.000000000000000000e+00 -5.656250000000000000e+00
0.000000000000000000e+00 -2.419354838709677491e+00 5.000000000000000000e+00 -4.046875000000000000e+00
0.000000000000000000e+00 -2.333333333333333481e+00 9.000000000000000000e+00 5.833333333333339255e-01
7.500000000000000000e-01 -1.579032258064516192e+00 1.000000000000000000e+01 1.198437500000000711e+00
5.999999999999999778e-01 -1.662411347517730231e+00 1.183333333333333393e+01 3.271874999999999645e+00
2.000000000000000000e+00 -5.760869565217392463e-01 1.400000000000000000e+01 4.343750000000000000e+00
1.500000000000000000e+00 -9.193548387096774910e-01 5.500000000000000000e+00 -3.546875000000000000e+00
4.333333333333333037e+00 1.999999999999999556e+00 1.666666666666666785e+01 8.250000000000001776e+00
5.250000000000000000e+00 2.905017921146953341e+00 8.000000000000000000e+00 -7.031250000000000000e-01
4.799999999999999822e+00 2.470967741935483630e+00 4.799999999999999822e+00 -4.001562499999999467e+00
5.166666666666666963e+00 2.904255319148936643e+00 5.666666666666666963e+00 -2.894791666666667318e+00
0.000000000000000000e+00 -2.576086956521739246e+00 3.000000000000000000e+00 -6.656250000000000000e+00
0.000000000000000000e+00 -2.419354838709677491e+00 6.500000000000000000e+00 -2.546875000000000000e+00
0.000000000000000000e+00 -2.333333333333333481e+00 1.200000000000000000e+01 3.583333333333333925e+00
1.750000000000000000e+00 -5.949820788530466587e-01 6.000000000000000000e+00 -2.703125000000000000e+00
1.800000000000000044e+00 -5.290322580645161477e-01 8.800000000000000711e+00 -1.562499999998578915e-03
4.000000000000000000e+00 1.737588652482269680e+00 9.666666666666666075e+00 1.105208333333331794e+00
0.000000000000000000e+00 -2.576086956521739246e+00 0.000000000000000000e+00 -9.656250000000000000e+00
0.000000000000000000e+00 -2.419354838709677491e+00 3.500000000000000000e+00 -5.546875000000000000e+00
0.000000000000000000e+00 -2.333333333333333481e+00 4.666666666666666963e+00 -3.749999999999999112e+00
0.000000000000000000e+00 -2.344982078853046659e+00 7.250000000000000000e+00 -1.453125000000000000e+00
0.000000000000000000e+00 -2.329032258064516192e+00 1.400000000000000000e+01 5.198437500000000711e+00
0.000000000000000000e+00 -2.262411347517730320e+00 9.500000000000000000e+00 9.385416666666657193e-01
0.000000000000000000e+00 -2.576086956521739246e+00 1.500000000000000000e+01 5.343750000000000000e+00
0.000000000000000000e+00 -2.419354838709677491e+00 1.450000000000000000e+01 5.453125000000000000e+00
0.000000000000000000e+00 -2.333333333333333481e+00 9.000000000000000000e+00 5.833333333333339255e-01
0.000000000000000000e+00 -2.344982078853046659e+00 1.325000000000000000e+01 4.546875000000000000e+00
0.000000000000000000e+00 -2.329032258064516192e+00 1.000000000000000000e+01 1.198437500000000711e+00
0.000000000000000000e+00 -2.262411347517730320e+00 8.199999999999999289e+00 -3.614583333333349913e-01
0.000000000000000000e+00 -2.576086956521739246e+00 4.000000000000000000e+00 -5.656250000000000000e+00
1.500000000000000000e+00 -9.193548387096774910e-01 5.500000000000000000e+00 -3.546875000000000000e+00
1.000000000000000000e+00 -1.333333333333333481e+00 1.666666666666666741e+00 -6.749999999999999112e+00
3.000000000000000000e+00 6.550179211469533413e-01 8.000000000000000000e+00 -7.031250000000000000e-01
2.399999999999999911e+00 7.096774193548371912e-02 6.000000000000000000e+00 -2.801562499999999289e+00
2.333333333333333481e+00 7.092198581560316129e-02 4.833333333333333037e+00 -3.728125000000001243e+00
0.000000000000000000e+00 -2.576086956521739246e+00 1.600000000000000000e+01 6.343750000000000000e+00
2.000000000000000000e+00 -4.193548387096774910e-01 3.500000000000000000e+00 -5.546875000000000000e+00
2.000000000000000000e+00 -3.333333333333334814e-01 1.100000000000000000e+01 2.583333333333333925e+00
1.750000000000000000e+00 -5.949820788530466587e-01 4.500000000000000000e+00 -4.203125000000000000e+00
1.600000000000000089e+00 -7.290322580645161032e-01 7.599999999999999645e+00 -1.201562499999999645e+00
1.333333333333333259e+00 -9.290780141843970608e-01 4.599999999999999645e+00 -3.961458333333334636e+00
2.000000000000000000e+00 -5.760869565217392463e-01 1.100000000000000000e+01 1.343750000000000000e+00
1.000000000000000000e+00 -1.419354838709677491e+00 1.800000000000000000e+01 8.953125000000000000e+00
6.666666666666666297e-01 -1.666666666666666963e+00 6.333333333333333037e+00 -2.083333333333333037e+00
5.000000000000000000e-01 -1.844982078853046659e+00 1.250000000000000000e+01 3.796875000000000000e+00
4.000000000000000222e-01 -1.929032258064516281e+00 7.750000000000000000e+00 -1.051562499999999289e+00
3.333333333333333148e-01 -1.929078014184397061e+00 1.133333333333333393e+01 2.771874999999999645e+00
0.000000000000000000e+00 -2.576086956521739246e+00 1.100000000000000000e+01 1.343750000000000000e+00
0.000000000000000000e+00 -2.419354838709677491e+00 1.800000000000000000e+01 8.953125000000000000e+00
0.000000000000000000e+00 -2.333333333333333481e+00 6.333333333333333037e+00 -2.083333333333333037e+00
0.000000000000000000e+00 -2.344982078853046659e+00 1.250000000000000000e+01 3.796875000000000000e+00
0.000000000000000000e+00 -2.329032258064516192e+00 7.750000000000000000e+00 -1.051562499999999289e+00
0.000000000000000000e+00 -2.262411347517730320e+00 1.133333333333333393e+01 2.771874999999999645e+00
1.200000000000000000e+01 9.423913043478261642e+00 1.400000000000000000e+01 4.343750000000000000e+00
6.000000000000000000e+00 3.580645161290322509e+00 5.500000000000000000e+00 -3.546875000000000000e+00
7.333333333333333037e+00 5.000000000000000000e+00 1.666666666666666785e+01 8.250000000000001776e+00
7.750000000000000000e+00 5.405017921146953341e+00 8.000000000000000000e+00 -7.031250000000000000e-01
8.400000000000000355e+00 6.070967741935484163e+00 4.799999999999999822e+00 -4.001562499999999467e+00
7.666666666666666963e+00 5.404255319148936643e+00 5.666666666666666963e+00 -2.894791666666667318e+00
2.000000000000000000e+00 -5.760869565217392463e-01 8.000000000000000000e+00 -1.656250000000000000e+00
3.000000000000000000e+00 5.806451612903225090e-01 5.000000000000000000e+00 -4.046875000000000000e+00
3.000000000000000000e+00 6.666666666666665186e-01 5.333333333333333037e+00 -3.083333333333333037e+00
2.500000000000000000e+00 1.709677419354838079e-01 7.250000000000000000e+00 -1.551562499999999289e+00
2.200000000000000178e+00 -6.241134751773014244e-02 8.833333333333333925e+00 2.718749999999996447e-01
0.000000000000000000e+00 -2.576086956521739246e+00 4.000000000000000000e+00 -5.656250000000000000e+00
0.000000000000000000e+00 -2.419354838709677491e+00 5.000000000000000000e+00 -4.046875000000000000e+00
0.000000000000000000e+00 -2.333333333333333481e+00 9.000000000000000000e+00 5.833333333333339255e-01
5.000000000000000000e-01 -1.829032258064516192e+00 1.000000000000000000e+01 1.198437500000000711e+00
5.999999999999999778e-01 -1.662411347517730231e+00 1.183333333333333393e+01 3.271874999999999645e+00
2.000000000000000000e+00 -5.760869565217392463e-01 6.000000000000000000e+00 -3.656250000000000000e+00
1.000000000000000000e+00 -1.419354838709677491e+00 6.000000000000000000e+00 -3.046875000000000000e+00
6.666666666666666297e-01 -1.666666666666666963e+00 4.666666666666666963e+00 -3.749999999999999112e+00
1.500000000000000000e+00 -8.449820788530466587e-01 1.050000000000000000e+01 1.796875000000000000e+00
1.399999999999999911e+00 -9.290322580645162809e-01 4.000000000000000000e+00 -4.801562499999999289e+00
2.000000000000000000e+00 -2.624113475177303201e-01 5.166666666666666963e+00 -3.394791666666667318e+00
0.000000000000000000e+00 -2.576086956521739246e+00 1.400000000000000000e+01 4.343750000000000000e+00
0.000000000000000000e+00 -2.419354838709677491e+00 1.800000000000000000e+01 8.953125000000000000e+00
3.333333333333333148e-01 -2.000000000000000000e+00 5.000000000000000000e+00 -3.416666666666666075e+00
2.500000000000000000e-01 -2.094982078853046659e+00 4.500000000000000000e+00 -4.203125000000000000e+00
2.000000000000000111e-01 -2.129032258064516014e+00 5.000000000000000000e+00 -3.801562499999999289e+00
1.500000000000000000e+00 -7.624113475177303201e-01 7.000000000000000000e+00 -1.561458333333334281e+00
0.000000000000000000e+00 -2.576086956521739246e+00 2.800000000000000000e+01 1.834375000000000000e+01
0.000000000000000000e+00 -2.419354838709677491e+00 1.300000000000000000e+01 3.953125000000000000e+00
3.333333333333333148e-01 -2.000000000000000000e+00 1.500000000000000000e+01 6.583333333333333925e+00
2.500000000000000000e-01 -2.079032258064516192e+00 1.325000000000000000e+01 4.448437500000000711e+00
2.000000000000000111e-01 -2.062411347517730142e+00 1.116666666666666607e+01 2.605208333333331794e+00
1.000000000000000000e+01 7.423913043478260754e+00 1.000000000000000000e+01 3.437500000000000000e-01
6.500000000000000000e+00 4.080645161290322065e+00 4.500000000000000000e+00 -4.546875000000000000e+00
7.666666666666666963e+00 5.333333333333333925e+00 5.666666666666666963e+00 -2.749999999999999112e+00
8.000000000000000000e+00 5.655017921146953341e+00 9.250000000000000000e+00 5.468750000000000000e-01
9.599999999999999645e+00 7.270967741935483453e+00 8.750000000000000000e+00 -5.156249999999928946e-02
9.500000000000000000e+00 7.237588652482269680e+00 6.666666666666666963e+00 -1.894791666666667318e+00
0.000000000000000000e+00 -2.576086956521739246e+00 8.000000000000000000e+00 -1.656250000000000000e+00
0.000000000000000000e+00 -2.419354838709677491e+00 5.500000000000000000e+00 -3.546875000000000000e+00
0.000000000000000000e+00 -2.333333333333333481e+00 2.333333333333333481e+00 -6.083333333333332149e+00
0.000000000000000000e+00 -2.329032258064516192e+00 8.599999999999999645e+00 -2.015624999999996447e-01
0.000000000000000000e+00 -2.262411347517730320e+00 1.050000000000000000e+01 1.938541666666665719e+00
0.000000000000000000e+00 -2.576086956521739246e+00 1.000000000000000000e+00 -8.656250000000000000e+00
0.000000000000000000e+00 -2.419354838709677491e+00 7.500000000000000000e+00 -1.546875000000000000e+00
0.000000000000000000e+00 -2.333333333333333481e+00 5.333333333333333037e+00 -3.083333333333333037e+00
0.000000000000000000e+00 -2.344982078853046659e+00 4.750000000000000000e+00 -3.953125000000000000e+00
0.000000000000000000e+00 -2.329032258064516192e+00 4.599999999999999645e+00 -4.201562499999999645e+00
1.000000000000000000e+00 -1.262411347517730320e+00 1.200000000000000000e+01 3.438541666666665719e+00
0.000000000000000000e+00 -2.576086956521739246e+00 5.000000000000000000e+00 -4.656250000000000000e+00
0.000000000000000000e+00 -2.419354838709677491e+00 2.500000000000000000e+00 -6.546875000000000000e+00
1.666666666666666741e+00 -6.666666666666667407e-01 4.666666666666666963e+00 -3.749999999999999112e+00
2.500000000000000000e+00 1.550179211469533413e-01 8.250000000000000000e+00 -4.531250000000000000e-01
2.200000000000000178e+00 -1.290322580645160144e-01 5.200000000000000178e+00 -3.601562499999999112e+00
3.833333333333333481e+00 1.570921985815603161e+00 8.400000000000000355e+00 -1.614583333333339255e-01
0.000000000000000000e+00 -2.576086956521739246e+00 1.100000000000000000e+01 1.343750000000000000e+00
0.000000000000000000e+00 -2.419354838709677491e+00 1.800000000000000000e+01 8.953125000000000000e+00
0.000000000000000000e+00 -2.333333333333333481e+00 6.333333333333333037e+00 -2.083333333333333037e+00
0.000000000000000000e+00 -2.344982078853046659e+00 1.250000000000000000e+01 3.796875000000000000e+00
2.000000000000000111e-01 -2.129032258064516014e+00 7.750000000000000000e+00 -1.051562499999999289e+00
1.666666666666666574e-01 -2.095744680851063801e+00 1.133333333333333393e+01 2.771874999999999645e+00
1.000000000000000000e+00 -1.576086956521739246e+00 8.000000000000000000e+00 -1.656250000000000000e+00
5.000000000000000000e-01 -1.919354838709677491e+00 5.000000000000000000e+00 -4.046875000000000000e+00
3.333333333333333148e-01 -2.000000000000000000e+00 5.333333333333333037e+00 -3.083333333333333037e+00
2.500000000000000000e-01 -2.079032258064516192e+00 7.250000000000000000e+00 -1.551562499999999289e+00
4.000000000000000222e-01 -1.862411347517730409e+00 8.833333333333333925e+00 2.718749999999996447e-01
0.000000000000000000e+00 -2.576086956521739246e+00 4.000000000000000000e+00 -5.656250000000000000e+00
0.000000000000000000e+00 -2.419354838709677491e+00 5.000000000000000000e+00 -4.046875000000000000e+00
0.000000000000000000e+00 -2.333333333333333481e+00 5.000000000000000000e+00 -3.416666666666666075e+00
0.000000000000000000e+00 -2.329032258064516192e+00 5.200000000000000178e+00 -3.601562499999999112e+00
0.000000000000000000e+00 -2.262411347517730320e+00 4.833333333333333037e+00 -3.728125000000001243e+00
3.000000000000000000e+00 4.239130434782607537e-01 3.000000000000000000e+00 -6.656250000000000000e+00
8.000000000000000000e+00 5.580645161290322065e+00 6.500000000000000000e+00 -2.546875000000000000e+00
5.333333333333333037e+00 2.999999999999999556e+00 1.200000000000000000e+01 3.583333333333333925e+00
4.000000000000000000e+00 1.655017921146953341e+00 6.000000000000000000e+00 -2.703125000000000000e+00
3.200000000000000178e+00 8.709677419354839856e-01 8.800000000000000711e+00 -1.562499999998578915e-03
2.666666666666666519e+00 4.042553191489361986e-01 9.666666666666666075e+00 1.105208333333331794e+00
2.800000000000000000e+01 2.542391304347826164e+01 2.800000000000000000e+01 1.834375000000000000e+01
1.850000000000000000e+01 1.608064516129032384e+01 1.300000000000000000e+01 3.953125000000000000e+00
1.466666666666666607e+01 1.233333333333333215e+01 1.500000000000000000e+01 6.583333333333333925e+00
1.550000000000000000e+01 1.317096774193548470e+01 1.325000000000000000e+01 4.448437500000000711e+00
1.580000000000000071e+01 1.353758865248227039e+01 1.116666666666666607e+01 2.605208333333331794e+00
1.000000000000000000e+00 -1.576086956521739246e+00 6.000000000000000000e+00 -3.656250000000000000e+00
1.500000000000000000e+00 -9.193548387096774910e-01 1.000000000000000000e+01 9.531250000000000000e-01
3.666666666666666519e+00 1.333333333333333037e+00 1.700000000000000000e+01 8.583333333333333925e+00
3.250000000000000000e+00 9.209677419354838079e-01 4.799999999999999822e+00 -4.001562499999999467e+00
4.200000000000000178e+00 1.937588652482269858e+00 7.166666666666666963e+00 -1.394791666666667318e+00
0.000000000000000000e+00 -2.576086956521739246e+00 0.000000000000000000e+00 -9.656250000000000000e+00
1.000000000000000000e+00 -1.419354838709677491e+00 3.500000000000000000e+00 -5.546875000000000000e+00
2.000000000000000000e+00 -3.333333333333334814e-01 4.666666666666666963e+00 -3.749999999999999112e+00
2.000000000000000000e+00 -3.449820788530466587e-01 7.250000000000000000e+00 -1.453125000000000000e+00
1.600000000000000089e+00 -7.290322580645161032e-01 1.400000000000000000e+01 5.198437500000000711e+00
1.333333333333333259e+00 -9.290780141843970608e-01 9.500000000000000000e+00 9.385416666666657193e-01
0.000000000000000000e+00 -2.576086956521739246e+00 4.000000000000000000e+00 -5.656250000000000000e+00
0.000000000000000000e+00 -2.419354838709677491e+00 5.500000000000000000e+00 -3.546875000000000000e+00
0.000000000000000000e+00 -2.333333333333333481e+00 1.666666666666666741e+00 -6.749999999999999112e+00
0.000000000000000000e+00 -2.344982078853046659e+00 8.000000000000000000e+00 -7.031250000000000000e-01
0.000000000000000000e+00 -2.329032258064516192e+00 6.000000000000000000e+00 -2.801562499999999289e+00
0.000000000000000000e+00 -2.262411347517730320e+00 4.833333333333333037e+00 -3.728125000000001243e+00
0.000000000000000000e+00 -2.576086956521739246e+00 1.400000000000000000e+01 4.343750000000000000e+00
0.000000000000000000e+00 -2.419354838709677491e+00 9.000000000000000000e+00 -4.687500000000000000e-02
0.000000000000000000e+00 -2.333333333333333481e+00 1.233333333333333393e+01 3.916666666666667851e+00
0.000000000000000000e+00 -2.344982078853046659e+00 2.500000000000000000e+00 -6.203125000000000000e+00
0.000000000000000000e+00 -2.329032258064516192e+00 7.799999999999999822e+00 -1.001562499999999467e+00
0.000000000000000000e+00 -2.262411347517730320e+00 9.599999999999999645e+00 1.038541666666665364e+00
8.000000000000000000e+00 5.423913043478260754e+00 1.100000000000000000e+01 1.343750000000000000e+00
5.500000000000000000e+00 3.080645161290322509e+00 1.250000000000000000e+01 3.453125000000000000e+00
4.000000000000000000e+00 1.666666666666666519e+00 8.666666666666666075e+00 2.500000000000000000e-01
3.000000000000000000e+00 6.550179211469533413e-01 5.000000000000000000e+00 -3.703125000000000000e+00
2.399999999999999911e+00 7.096774193548371912e-02 1.140000000000000036e+01 2.598437500000001066e+00
2.000000000000000000e+00 -2.624113475177303201e-01 8.500000000000000000e+00 -6.145833333333428072e-02
1.300000000000000000e+01 1.042391304347826164e+01 1.800000000000000000e+01 8.343750000000000000e+00
1.100000000000000000e+01 8.580645161290322065e+00 6.000000000000000000e+00 -3.046875000000000000e+00
1.300000000000000000e+01 1.066666666666666607e+01 7.333333333333333037e+00 -1.083333333333333037e+00
1.300000000000000000e+01 1.065501792114695334e+01 4.500000000000000000e+00 -4.203125000000000000e+00
1.059999999999999964e+01 8.270967741935482564e+00 4.599999999999999645e+00 -4.201562499999999645e+00
1.000000000000000000e+01 7.737588652482269680e+00 4.166666666666666963e+00 -4.394791666666667318e+00
