0.000000000000000000e+00 -8.074074074074074403e+00 0.000000000000000000e+00 -6.812500000000000000e+00
0.000000000000000000e+00 -8.111111111111110716e+00 0.000000000000000000e+00 -6.843750000000000000e+00
7.000000000000000000e+00 -1.074074074074074403e+00 7.000000000000000000e+00 1.875000000000000000e-01
9.500000000000000000e+00 1.388888888888889284e+00 7.000000000000000000e+00 1.562500000000000000e-01
9.000000000000000000e+00 9.259259259259255970e-01 9.000000000000000000e+00 2.187500000000000000e+00
8.500000000000000000e+00 3.888888888888892836e-01 9.000000000000000000e+00 2.156250000000000000e+00
2.000000000000000000e+00 -6.074074074074074403e+00 2.000000000000000000e+00 -4.812500000000000000e+00
2.000000000000000000e+00 -6.111111111111110716e+00 3.500000000000000000e+00 -3.343750000000000000e+00
4.000000000000000000e+00 -4.074074074074074403e+00 4.000000000000000000e+00 -2.812500000000000000e+00
8.500000000000000000e+00 3.888888888888892836e-01 7.500000000000000000e+00 6.562500000000000000e-01
6.000000000000000000e+00 -2.074074074074074403e+00 6.000000000000000000e+00 -8.125000000000000000e-01
8.000000000000000000e+00 -1.111111111111107164e-01 7.000000000000000000e+00 1.562500000000000000e-01
1.300000000000000000e+01 4.925925925925925597e+00 1.300000000000000000e+01 6.187500000000000000e+00
1.450000000000000000e+01 6.388888888888889284e+00 1.300000000000000000e+01 6.156250000000000000e+00
4.000000000000000000e+00 -4.074074074074074403e+00 4.000000000000000000e+00 -2.812500000000000000e+00
4.000000000000000000e+00 -4.111111111111110716e+00 5.000000000000000000e+00 -1.843750000000000000e+00
1.600000000000000000e+01 7.925925925925925597e+00 1.600000000000000000e+01 9.187500000000000000e+00
1.050000000000000000e+01 2.388888888888889284e+00 4.000000000000000000e+00 -2.843750000000000000e+00
1.200000000000000000e+01 3.925925925925925597e+00 1.200000000000000000e+01 5.187500000000000000e+00
9.000000000000000000e+00 8.888888888888892836e-01 9.500000000000000000e+00 2.656250000000000000e+00
1.800000000000000000e+01 9.925925925925925597e+00 1.800000000000000000e+01 1.118750000000000000e+01
1.150000000000000000e+01 3.388888888888889284e+00 4.000000000000000000e+00 -2.843750000000000000e+00
1.600000000000000000e+01 7.925925925925925597e+00 1.600000000000000000e+01 9.187500000000000000e+00
9.500000000000000000e+00 1.388888888888889284e+00 7.500000000000000000e+00 6.562500000000000000e-01
8.000000000000000000e+00 -7.407407407407440303e-02 8.000000000000000000e+00 1.187500000000000000e+00
1.100000000000000000e+01 2.888888888888889284e+00 1.050000000000000000e+01 3.656250000000000000e+00
1.500000000000000000e+01 6.925925925925925597e+00 1.500000000000000000e+01 8.187500000000000000e+00
9.500000000000000000e+00 1.388888888888889284e+00 6.500000000000000000e+00 -3.437500000000000000e-01
1.300000000000000000e+01 4.925925925925925597e+00 1.300000000000000000e+01 6.187500000000000000e+00
1.000000000000000000e+01 1.888888888888889284e+00 1.150000000000000000e+01 4.656250000000000000e+00
2.000000000000000000e+00 -6.074074074074074403e+00 2.000000000000000000e+00 -4.812500000000000000e+00
2.000000000000000000e+00 -6.111111111111110716e+00 1.000000000000000000e+00 -5.843750000000000000e+00
1.000000000000000000e+01 1.925925925925925597e+00 1.000000000000000000e+01 3.187500000000000000e+00
6.500000000000000000e+00 -1.611111111111110716e+00 1.500000000000000000e+00 -5.343750000000000000e+00
3.000000000000000000e+00 -5.074074074074074403e+00 3.000000000000000000e+00 -3.812500000000000000e+00
8.500000000000000000e+00 3.888888888888892836e-01 1.150000000000000000e+01 4.656250000000000000e+00
1.000000000000000000e+01 1.925925925925925597e+00 1.000000000000000000e+01 3.187500000000000000e+00
1.200000000000000000e+01 3.888888888888889284e+00 1.100000000000000000e+01 4.156250000000000000e+00
0.000000000000000000e+00 -8.074074074074074403e+00 0.000000000000000000e+00 -6.812500000000000000e+00
6.000000000000000000e+00 -2.111111111111110716e+00 6.000000000000000000e+00 -8.437500000000000000e-01
9.000000000000000000e+00 9.259259259259255970e-01 9.000000000000000000e+00 2.187500000000000000e+00
8.500000000000000000e+00 3.888888888888892836e-01 1.300000000000000000e+01 6.156250000000000000e+00
1.300000000000000000e+01 4.925925925925925597e+00 1.300000000000000000e+01 6.187500000000000000e+00
6.500000000000000000e+00 -1.611111111111110716e+00 7.500000000000000000e+00 6.562500000000000000e-01
5.000000000000000000e+00 -3.074074074074074403e+00 5.000000000000000000e+00 -1.812500000000000000e+00
1.000000000000000000e+01 1.888888888888889284e+00 9.500000000000000000e+00 2.656250000000000000e+00
9.000000000000000000e+00 9.259259259259255970e-01 9.000000000000000000e+00 2.187500000000000000e+00
6.500000000000000000e+00 -1.611111111111110716e+00 4.500000000000000000e+00 -2.343750000000000000e+00
5.000000000000000000e+00 -3.074074074074074403e+00 5.000000000000000000e+00 -1.812500000000000000e+00
1.200000000000000000e+01 3.888888888888889284e+00 9.500000000000000000e+00 2.656250000000000000e+00
6.000000000000000000e+00 -2.074074074074074403e+00 6.000000000000000000e+00 -8.125000000000000000e-01
9.000000000000000000e+00 8.888888888888892836e-01 1.050000000000000000e+01 3.656250000000000000e+00
3.000000000000000000e+00 -5.074074074074074403e+00 3.000000000000000000e+00 -3.812500000000000000e+00
5.500000000000000000e+00 -2.611111111111110716e+00 1.050000000000000000e+01 3.656250000000000000e+00
