0.000000000000000000e+00 -8.074074074074074403e+00 0.000000000000000000e+00 -6.812500000000000000e+00
7.000000000000000000e+00 -1.074074074074074403e+00 7.000000000000000000e+00 1.875000000000000000e-01
9.000000000000000000e+00 9.259259259259255970e-01 9.000000000000000000e+00 2.187500000000000000e+00
2.000000000000000000e+00 -6.074074074074074403e+00 2.000000000000000000e+00 -4.812500000000000000e+00
4.000000000000000000e+00 -4.074074074074074403e+00 4.000000000000000000e+00 -2.812500000000000000e+00
6.000000000000000000e+00 -2.074074074074074403e+00 6.000000000000000000e+00 -8.125000000000000000e-01
1.300000000000000000e+01 4.925925925925925597e+00 1.300000000000000000e+01 6.187500000000000000e+00
4.000000000000000000e+00 -4.074074074074074403e+00 4.000000000000000000e+00 -2.812500000000000000e+00
1.600000000000000000e+01 7.925925925925925597e+00 1.600000000000000000e+01 9.187500000000000000e+00
1.200000000000000000e+01 3.925925925925925597e+00 1.200000000000000000e+01 5.187500000000000000e+00
1.800000000000000000e+01 9.925925925925925597e+00 1.800000000000000000e+01 1.118750000000000000e+01
1.600000000000000000e+01 7.925925925925925597e+00 1.600000000000000000e+01 9.187500000000000000e+00
8.000000000000000000e+00 -7.407407407407440303e-02 8.000000000000000000e+00 1.187500000000000000e+00
1.500000000000000000e+01 6.925925925925925597e+00 1.500000000000000000e+01 8.187500000000000000e+00
1.300000000000000000e+01 4.925925925925925597e+00 1.300000000000000000e+01 6.187500000000000000e+00
2.000000000000000000e+00 -6.074074074074074403e+00 2.000000000000000000e+00 -4.812500000000000000e+00
1.000000000000000000e+01 1.925925925925925597e+00 1.000000000000000000e+01 3.187500000000000000e+00
3.000000000000000000e+00 -5.074074074074074403e+00 3.000000000000000000e+00 -3.812500000000000000e+00
1.000000000000000000e+01 1.925925925925925597e+00 1.000000000000000000e+01 3.187500000000000000e+00
0.000000000000000000e+00 -8.074074074074074403e+00 0.000000000000000000e+00 -6.812500000000000000e+00
9.000000000000000000e+00 9.259259259259255970e-01 9.000000000000000000e+00 2.187500000000000000e+00
1.300000000000000000e+01 4.925925925925925597e+00 1.300000000000000000e+01 6.187500000000000000e+00
5.000000000000000000e+00 -3.074074074074074403e+00 5.000000000000000000e+00 -1.812500000000000000e+00
9.000000000000000000e+00 9.259259259259255970e-01 9.000000000000000000e+00 2.187500000000000000e+00
5.000000000000000000e+00 -3.074074074074074403e+00 5.000000000000000000e+00 -1.812500000000000000e+00
6.000000000000000000e+00 -2.074074074074074403e+00 6.000000000000000000e+00 -8.125000000000000000e-01
3.000000000000000000e+00 -5.074074074074074403e+00 3.000000000000000000e+00 -3.812500000000000000e+00
