2.900000000000000000e+01 2.141428571428571459e+01 2.900000000000000000e+01 8.781250000000000000e+00
2.100000000000000000e+01 1.373571428571428577e+01 1.300000000000000000e+01 -6.171875000000000000e+00
1.500000000000000000e+01 7.933333333333333570e+00 1.233333333333333393e+01 -6.000000000000001776e+00
1.750000000000000000e+01 1.050000000000000000e+01 2.050000000000000000e+01 2.794270833333335702e+00
1.619999999999999929e+01 9.284285714285713809e+00 1.380000000000000071e+01 -3.959375000000001421e+00
1.533333333333333393e+01 8.527619047619047876e+00 1.333333333333333393e+01 -4.228124999999993250e+00
1.528571428571428648e+01 8.571763916834337138e+00 1.766666666666666785e+01 1.622023809523760463e-01
1.575000000000000000e+01 9.086770623742452813e+00 1.625000000000000000e+01 -1.186383928571427049e+00
1.200000000000000000e+01 4.414285714285714590e+00 1.200000000000000000e+01 -8.218750000000000000e+00
1.800000000000000000e+01 1.073571428571428577e+01 1.650000000000000000e+01 -2.671875000000000000e+00
1.800000000000000000e+01 1.093333333333333357e+01 1.566666666666666607e+01 -2.666666666666669627e+00
2.025000000000000000e+01 1.325000000000000000e+01 2.325000000000000000e+01 5.544270833333335702e+00
2.039999999999999858e+01 1.348428571428571310e+01 2.060000000000000142e+01 2.840624999999999289e+00
2.116666666666666785e+01 1.436095238095238180e+01 1.639999999999999858e+01 -1.161458333333328596e+00
2.014285714285714235e+01 1.342890677397719301e+01 1.483333333333333393e+01 -2.671130952380957879e+00
2.000000000000000000e+01 1.333677062374245281e+01 1.742857142857142705e+01 -7.812500000000000000e-03
0.000000000000000000e+00 -7.585714285714285410e+00 1.700000000000000000e+01 -3.218750000000000000e+00
0.000000000000000000e+00 -7.264285714285714235e+00 1.850000000000000000e+01 -6.718750000000000000e-01
0.000000000000000000e+00 -7.066666666666666430e+00 2.000000000000000000e+01 1.666666666666664298e+00
0.000000000000000000e+00 -6.915714285714285481e+00 2.300000000000000000e+01 5.240624999999997868e+00
0.000000000000000000e+00 -6.805714285714286049e+00 1.333333333333333393e+01 -4.228124999999993250e+00
0.000000000000000000e+00 -6.713950368879949337e+00 2.050000000000000000e+01 2.995535714285708195e+00
0.000000000000000000e+00 -6.663229376257546299e+00 1.762500000000000000e+01 1.886160714285729512e-01
6.000000000000000000e+00 -1.585714285714285410e+00 6.000000000000000000e+00 -1.421875000000000000e+01
1.050000000000000000e+01 3.235714285714285765e+00 1.350000000000000000e+01 -5.671875000000000000e+00
1.266666666666666607e+01 5.599999999999999645e+00 1.333333333333333393e+01 -5.000000000000001776e+00
1.750000000000000000e+01 1.050000000000000000e+01 2.025000000000000000e+01 2.544270833333335702e+00
1.719999999999999929e+01 1.028428571428571381e+01 1.519999999999999929e+01 -2.559375000000002842e+00
1.533333333333333393e+01 8.527619047619047876e+00 1.900000000000000000e+01 1.438541666666672825e+00
1.628571428571428470e+01 9.571763916834335362e+00 1.457142857142857117e+01 -2.933035714285720630e+00
1.400000000000000000e+01 6.414285714285714590e+00 1.400000000000000000e+01 -6.218750000000000000e+00
1.550000000000000000e+01 8.235714285714285765e+00 1.950000000000000000e+01 3.281250000000000000e-01
1.900000000000000000e+01 1.193333333333333357e+01 1.633333333333333215e+01 -2.000000000000003553e+00
1.500000000000000000e+01 8.000000000000000000e+00 1.375000000000000000e+01 -3.955729166666664298e+00
1.459999999999999964e+01 7.684285714285714164e+00 1.475000000000000000e+01 -3.009375000000002132e+00
1.433333333333333393e+01 7.527619047619047876e+00 1.416666666666666607e+01 -3.394791666666661101e+00
1.528571428571428648e+01 8.622484909456741065e+00 1.700000000000000000e+01 -4.363839285714270488e-01
0.000000000000000000e+00 -7.585714285714285410e+00 9.000000000000000000e+00 -1.121875000000000000e+01
0.000000000000000000e+00 -7.264285714285714235e+00 2.050000000000000000e+01 1.328125000000000000e+00
0.000000000000000000e+00 -7.066666666666666430e+00 1.133333333333333393e+01 -7.000000000000001776e+00
0.000000000000000000e+00 -7.000000000000000000e+00 1.700000000000000000e+01 -7.057291666666642982e-01
-4.000000000000000222e-01 -7.315714285714285836e+00 1.380000000000000071e+01 -3.959375000000001421e+00
-3.333333333333333148e-01 -7.139047619047619087e+00 1.519999999999999929e+01 -2.361458333333327886e+00
-2.857142857142856984e-01 -6.999664654594234925e+00 1.842857142857142705e+01 9.241071428571352442e-01
-5.000000000000000000e-01 -7.163229376257546299e+00 1.828571428571428470e+01 8.493303571428576504e-01
0.000000000000000000e+00 -7.585714285714285410e+00 1.500000000000000000e+01 -5.218750000000000000e+00
0.000000000000000000e+00 -7.264285714285714235e+00 1.550000000000000000e+01 -3.671875000000000000e+00
0.000000000000000000e+00 -7.066666666666666430e+00 1.133333333333333393e+01 -7.000000000000001776e+00
0.000000000000000000e+00 -7.000000000000000000e+00 1.650000000000000000e+01 -1.205729166666664298e+00
0.000000000000000000e+00 -6.915714285714285481e+00 1.760000000000000142e+01 -1.593750000000007105e-01
0.000000000000000000e+00 -6.713950368879949337e+00 1.114285714285714235e+01 -6.361607142857149455e+00
0.000000000000000000e+00 -6.663229376257546299e+00 1.550000000000000000e+01 -1.936383928571427049e+00
0.000000000000000000e+00 -7.585714285714285410e+00 1.500000000000000000e+01 -5.218750000000000000e+00
0.000000000000000000e+00 -7.264285714285714235e+00 1.050000000000000000e+01 -8.671875000000000000e+00
0.000000000000000000e+00 -7.066666666666666430e+00 1.733333333333333215e+01 -1.000000000000003553e+00
0.000000000000000000e+00 -7.000000000000000000e+00 1.325000000000000000e+01 -4.455729166666664298e+00
2.799999999999999822e+00 -4.115714285714285658e+00 1.119999999999999929e+01 -6.559375000000002842e+00
5.166666666666666963e+00 -1.639047619047619087e+00 1.300000000000000000e+01 -4.561458333333327175e+00
6.571428571428571175e+00 -1.425217974513781627e-01 1.357142857142857117e+01 -3.933035714285720630e+00
8.875000000000000000e+00 2.211770623742453701e+00 2.137500000000000000e+01 3.938616071428572951e+00
1.500000000000000000e+01 7.414285714285714590e+00 1.500000000000000000e+01 -5.218750000000000000e+00
1.350000000000000000e+01 6.235714285714285765e+00 1.050000000000000000e+01 -8.671875000000000000e+00
1.400000000000000000e+01 6.933333333333333570e+00 1.733333333333333215e+01 -1.000000000000003553e+00
1.375000000000000000e+01 6.750000000000000000e+00 1.325000000000000000e+01 -4.455729166666664298e+00
1.100000000000000000e+01 4.084285714285714519e+00 1.119999999999999929e+01 -6.559375000000002842e+00
9.166666666666666075e+00 2.360952380952380025e+00 1.300000000000000000e+01 -4.561458333333327175e+00
7.857142857142856762e+00 1.143192488262907425e+00 1.357142857142857117e+01 -3.933035714285720630e+00
6.875000000000000000e+00 2.117706237424537008e-01 2.137500000000000000e+01 3.938616071428572951e+00
0.000000000000000000e+00 -7.585714285714285410e+00 1.400000000000000000e+01 -6.218750000000000000e+00
0.000000000000000000e+00 -7.264285714285714235e+00 9.000000000000000000e+00 -1.017187500000000000e+01
0.000000000000000000e+00 -7.066666666666666430e+00 1.733333333333333215e+01 -1.000000000000003553e+00
0.000000000000000000e+00 -7.000000000000000000e+00 1.500000000000000000e+01 -2.705729166666664298e+00
2.200000000000000178e+00 -4.715714285714285303e+00 1.280000000000000071e+01 -4.959375000000001421e+00
1.833333333333333259e+00 -4.972380952380953012e+00 9.666666666666666075e+00 -7.894791666666661101e+00
1.571428571428571397e+00 -5.142521797451378163e+00 1.500000000000000000e+01 -2.504464285714291805e+00
1.375000000000000000e+00 -5.288229376257546299e+00 1.900000000000000000e+01 1.563616071428572951e+00
0.000000000000000000e+00 -7.585714285714285410e+00 8.000000000000000000e+00 -1.221875000000000000e+01
9.000000000000000000e+00 1.735714285714285765e+00 1.750000000000000000e+01 -1.671875000000000000e+00
1.500000000000000000e+01 7.933333333333333570e+00 2.033333333333333215e+01 1.999999999999996447e+00
1.250000000000000000e+01 5.500000000000000000e+00 1.450000000000000000e+01 -3.205729166666664298e+00
1.380000000000000071e+01 6.884285714285715230e+00 1.800000000000000000e+01 2.406249999999978684e-01
1.416666666666666607e+01 7.360952380952380025e+00 1.839999999999999858e+01 8.385416666666714036e-01
1.228571428571428648e+01 5.571763916834337138e+00 1.557142857142857117e+01 -1.933035714285720630e+00
1.075000000000000000e+01 4.086770623742453701e+00 1.475000000000000000e+01 -2.686383928571427049e+00
0.000000000000000000e+00 -7.585714285714285410e+00 1.800000000000000000e+01 -2.218750000000000000e+00
0.000000000000000000e+00 -7.264285714285714235e+00 1.450000000000000000e+01 -4.671875000000000000e+00
0.000000000000000000e+00 -7.066666666666666430e+00 1.033333333333333393e+01 -8.000000000000001776e+00
2.500000000000000000e-01 -6.665714285714285481e+00 1.219999999999999929e+01 -5.559375000000002842e+00
2.000000000000000111e-01 -6.605714285714285872e+00 1.750000000000000000e+01 -6.145833333332717530e-02
1.666666666666666574e-01 -6.547283702213282375e+00 1.257142857142857117e+01 -4.933035714285720630e+00
1.428571428571428492e-01 -6.520372233400403061e+00 1.500000000000000000e+01 -2.436383928571427049e+00
0.000000000000000000e+00 -7.585714285714285410e+00 6.000000000000000000e+00 -1.421875000000000000e+01
0.000000000000000000e+00 -7.264285714285714235e+00 1.350000000000000000e+01 -5.671875000000000000e+00
0.000000000000000000e+00 -7.066666666666666430e+00 1.566666666666666607e+01 -2.666666666666669627e+00
0.000000000000000000e+00 -6.915714285714285481e+00 2.119999999999999929e+01 3.440624999999997158e+00
0.000000000000000000e+00 -6.805714285714286049e+00 1.233333333333333393e+01 -5.228124999999993250e+00
0.000000000000000000e+00 -6.713950368879949337e+00 1.700000000000000000e+01 -5.044642857142918047e-01
0.000000000000000000e+00 -6.663229376257546299e+00 1.385714285714285765e+01 -3.579241071428569398e+00
0.000000000000000000e+00 -7.585714285714285410e+00 1.600000000000000000e+01 -4.218750000000000000e+00
0.000000000000000000e+00 -7.264285714285714235e+00 1.200000000000000000e+01 -7.171875000000000000e+00
0.000000000000000000e+00 -7.066666666666666430e+00 1.366666666666666607e+01 -4.666666666666669627e+00
0.000000000000000000e+00 -7.000000000000000000e+00 1.800000000000000000e+01 2.942708333333357018e-01
0.000000000000000000e+00 -6.915714285714285481e+00 2.100000000000000000e+01 3.240624999999997868e+00
0.000000000000000000e+00 -6.805714285714286049e+00 1.660000000000000142e+01 -9.614583333333257542e-01
0.000000000000000000e+00 -6.713950368879949337e+00 1.571428571428571352e+01 -1.790178571428578280e+00
0.000000000000000000e+00 -6.663229376257546299e+00 1.650000000000000000e+01 -9.363839285714270488e-01
2.500000000000000000e+01 1.741428571428571459e+01 2.500000000000000000e+01 4.781250000000000000e+00
2.150000000000000000e+01 1.423571428571428577e+01 1.700000000000000000e+01 -2.171875000000000000e+00
2.466666666666666785e+01 1.760000000000000142e+01 2.200000000000000000e+01 3.666666666666664298e+00
2.575000000000000000e+01 1.875000000000000000e+01 1.500000000000000000e+01 -2.705729166666664298e+00
2.460000000000000142e+01 1.768428571428571416e+01 1.440000000000000036e+01 -3.359375000000001776e+00
2.433333333333333215e+01 1.752761904761904788e+01 1.566666666666666607e+01 -1.894791666666661101e+00
2.357142857142857295e+01 1.685747820254862361e+01 1.733333333333333215e+01 -1.711309523809596556e-01
2.387500000000000000e+01 1.721177062374245281e+01 1.537500000000000000e+01 -2.061383928571427049e+00
0.000000000000000000e+00 -7.585714285714285410e+00 1.600000000000000000e+01 -4.218750000000000000e+00
0.000000000000000000e+00 -7.264285714285714235e+00 1.150000000000000000e+01 -7.671875000000000000e+00
5.000000000000000000e+00 -2.066666666666666430e+00 1.833333333333333215e+01 -3.552713678800500929e-15
6.750000000000000000e+00 -2.500000000000000000e-01 1.600000000000000000e+01 -1.705729166666664298e+00
6.200000000000000178e+00 -7.157142857142853032e-01 1.359999999999999964e+01 -4.159375000000002487e+00
8.166666666666666075e+00 1.360952380952380025e+00 1.650000000000000000e+01 -1.061458333333327175e+00
8.000000000000000000e+00 1.286049631120050663e+00 1.500000000000000000e+01 -2.504464285714291805e+00
8.250000000000000000e+00 1.586770623742453701e+00 1.328571428571428648e+01 -4.150669642857140573e+00
1.500000000000000000e+01 7.414285714285714590e+00 1.500000000000000000e+01 -5.218750000000000000e+00
1.500000000000000000e+01 7.735714285714285765e+00 1.550000000000000000e+01 -3.671875000000000000e+00
1.633333333333333215e+01 9.266666666666665719e+00 1.133333333333333393e+01 -7.000000000000001776e+00
1.700000000000000000e+01 1.000000000000000000e+01 1.650000000000000000e+01 -1.205729166666664298e+00
1.680000000000000071e+01 9.884285714285715230e+00 1.760000000000000142e+01 -1.593750000000007105e-01
1.733333333333333215e+01 1.061938296445338281e+01 1.114285714285714235e+01 -6.361607142857149455e+00
1.828571428571428470e+01 1.162248490945673751e+01 1.550000000000000000e+01 -1.936383928571427049e+00
0.000000000000000000e+00 -7.585714285714285410e+00 6.000000000000000000e+00 -1.421875000000000000e+01
0.000000000000000000e+00 -7.264285714285714235e+00 1.350000000000000000e+01 -5.671875000000000000e+00
0.000000000000000000e+00 -7.066666666666666430e+00 1.333333333333333393e+01 -5.000000000000001776e+00
0.000000000000000000e+00 -7.000000000000000000e+00 2.025000000000000000e+01 2.544270833333335702e+00
0.000000000000000000e+00 -6.915714285714285481e+00 1.519999999999999929e+01 -2.559375000000002842e+00
3.333333333333333148e-01 -6.472380952380953012e+00 1.900000000000000000e+01 1.438541666666672825e+00
2.857142857142856984e-01 -6.428236083165663750e+00 1.457142857142857117e+01 -2.933035714285720630e+00
0.000000000000000000e+00 -7.585714285714285410e+00 1.300000000000000000e+01 -7.218750000000000000e+00
0.000000000000000000e+00 -7.264285714285714235e+00 1.550000000000000000e+01 -3.671875000000000000e+00
3.000000000000000000e+00 -4.066666666666666430e+00 1.266666666666666607e+01 -5.666666666666669627e+00
6.750000000000000000e+00 -2.500000000000000000e-01 1.600000000000000000e+01 -1.705729166666664298e+00
8.400000000000000355e+00 1.484285714285714874e+00 1.819999999999999929e+01 4.406249999999971578e-01
1.000000000000000000e+01 3.194285714285713951e+00 1.500000000000000000e+01 -2.561458333333327175e+00
9.857142857142857650e+00 3.193913480885311351e+00 1.300000000000000000e+01 -4.436383928571427049e+00
0.000000000000000000e+00 -7.585714285714285410e+00 1.300000000000000000e+01 -7.218750000000000000e+00
0.000000000000000000e+00 -7.264285714285714235e+00 1.450000000000000000e+01 -4.671875000000000000e+00
0.000000000000000000e+00 -7.066666666666666430e+00 1.733333333333333215e+01 -1.000000000000003553e+00
0.000000000000000000e+00 -7.000000000000000000e+00 1.425000000000000000e+01 -3.455729166666664298e+00
0.000000000000000000e+00 -6.805714285714286049e+00 1.350000000000000000e+01 -4.061458333333327175e+00
0.000000000000000000e+00 -6.713950368879949337e+00 1.671428571428571530e+01 -7.901785714285765039e-01
0.000000000000000000e+00 -6.663229376257546299e+00 1.637500000000000000e+01 -1.061383928571427049e+00
0.000000000000000000e+00 -7.585714285714285410e+00 1.700000000000000000e+01 -3.218750000000000000e+00
0.000000000000000000e+00 -7.264285714285714235e+00 1.700000000000000000e+01 -2.171875000000000000e+00
0.000000000000000000e+00 -7.066666666666666430e+00 1.900000000000000000e+01 6.666666666666642982e-01
0.000000000000000000e+00 -7.000000000000000000e+00 1.325000000000000000e+01 -4.455729166666664298e+00
0.000000000000000000e+00 -6.915714285714285481e+00 1.739999999999999858e+01 -3.593750000000035527e-01
0.000000000000000000e+00 -6.805714285714286049e+00 1.616666666666666785e+01 -1.394791666666659324e+00
0.000000000000000000e+00 -6.713950368879949337e+00 1.383333333333333393e+01 -3.671130952380957879e+00
0.000000000000000000e+00 -6.663229376257546299e+00 1.437500000000000000e+01 -3.061383928571427049e+00
0.000000000000000000e+00 -7.585714285714285410e+00 1.300000000000000000e+01 -7.218750000000000000e+00
0.000000000000000000e+00 -7.264285714285714235e+00 1.200000000000000000e+01 -7.171875000000000000e+00
0.000000000000000000e+00 -7.066666666666666430e+00 1.766666666666666785e+01 -6.666666666666678509e-01
0.000000000000000000e+00 -7.000000000000000000e+00 1.450000000000000000e+01 -3.205729166666664298e+00
0.000000000000000000e+00 -6.915714285714285481e+00 1.400000000000000000e+01 -3.759375000000002132e+00
0.000000000000000000e+00 -6.805714285714286049e+00 1.383333333333333393e+01 -3.728124999999993250e+00
0.000000000000000000e+00 -6.713950368879949337e+00 1.385714285714285765e+01 -3.647321428571434154e+00
0.000000000000000000e+00 -6.663229376257546299e+00 1.537500000000000000e+01 -2.061383928571427049e+00
1.700000000000000000e+01 9.414285714285714590e+00 1.700000000000000000e+01 -3.218750000000000000e+00
2.100000000000000000e+01 1.373571428571428577e+01 1.700000000000000000e+01 -2.171875000000000000e+00
1.933333333333333215e+01 1.226666666666666572e+01 1.900000000000000000e+01 6.666666666666642982e-01
1.850000000000000000e+01 1.150000000000000000e+01 1.325000000000000000e+01 -4.455729166666664298e+00
1.900000000000000000e+01 1.208428571428571452e+01 1.739999999999999858e+01 -3.593750000000035527e-01
1.933333333333333215e+01 1.252761904761904610e+01 1.616666666666666785e+01 -1.394791666666659324e+00
1.757142857142857295e+01 1.085747820254862361e+01 1.383333333333333393e+01 -3.671130952380957879e+00
1.800000000000000000e+01 1.133677062374245281e+01 1.437500000000000000e+01 -3.061383928571427049e+00
0.000000000000000000e+00 -7.585714285714285410e+00 2.200000000000000000e+01 1.781250000000000000e+00
0.000000000000000000e+00 -7.264285714285714235e+00 2.000000000000000000e+01 8.281250000000000000e-01
0.000000000000000000e+00 -7.066666666666666430e+00 1.766666666666666785e+01 -6.666666666666678509e-01
0.000000000000000000e+00 -6.915714285714285481e+00 1.900000000000000000e+01 1.240624999999997868e+00
0.000000000000000000e+00 -6.805714285714286049e+00 2.066666666666666785e+01 3.105208333333340676e+00
0.000000000000000000e+00 -6.713950368879949337e+00 1.457142857142857117e+01 -2.933035714285720630e+00
0.000000000000000000e+00 -6.663229376257546299e+00 1.587500000000000000e+01 -1.561383928571427049e+00
0.000000000000000000e+00 -7.585714285714285410e+00 1.900000000000000000e+01 -1.218750000000000000e+00
0.000000000000000000e+00 -7.264285714285714235e+00 1.300000000000000000e+01 -6.171875000000000000e+00
0.000000000000000000e+00 -7.066666666666666430e+00 1.066666666666666607e+01 -7.666666666666669627e+00
3.250000000000000000e+00 -3.750000000000000000e+00 1.650000000000000000e+01 -1.205729166666664298e+00
5.599999999999999645e+00 -1.315714285714285836e+00 1.800000000000000000e+01 2.406249999999978684e-01
6.166666666666666963e+00 -6.390476190476190865e-01 1.900000000000000000e+01 1.438541666666672825e+00
7.142857142857143238e+00 4.289067739771939003e-01 2.085714285714285765e+01 3.352678571428565846e+00
6.250000000000000000e+00 -4.132293762575462992e-01 1.562500000000000000e+01 -1.811383928571427049e+00
0.000000000000000000e+00 -7.585714285714285410e+00 1.100000000000000000e+01 -9.218750000000000000e+00
0.000000000000000000e+00 -7.264285714285714235e+00 1.700000000000000000e+01 -2.171875000000000000e+00
0.000000000000000000e+00 -7.066666666666666430e+00 1.333333333333333393e+01 -5.000000000000001776e+00
0.000000000000000000e+00 -7.000000000000000000e+00 1.050000000000000000e+01 -7.205729166666664298e+00
4.000000000000000222e-01 -6.515714285714285126e+00 1.300000000000000000e+01 -4.759375000000002132e+00
3.333333333333333148e-01 -6.472380952380953012e+00 1.700000000000000000e+01 -5.614583333333271753e-01
2.857142857142856984e-01 -6.428236083165663750e+00 1.342857142857142883e+01 -4.075892857142862979e+00
1.000000000000000000e+00 -5.663229376257546299e+00 1.312500000000000000e+01 -4.311383928571427049e+00
0.000000000000000000e+00 -7.585714285714285410e+00 9.000000000000000000e+00 -1.121875000000000000e+01
0.000000000000000000e+00 -7.264285714285714235e+00 2.050000000000000000e+01 1.328125000000000000e+00
0.000000000000000000e+00 -7.066666666666666430e+00 1.133333333333333393e+01 -7.000000000000001776e+00
0.000000000000000000e+00 -7.000000000000000000e+00 1.700000000000000000e+01 -7.057291666666642982e-01
0.000000000000000000e+00 -6.915714285714285481e+00 1.380000000000000071e+01 -3.959375000000001421e+00
0.000000000000000000e+00 -6.805714285714286049e+00 1.519999999999999929e+01 -2.361458333333327886e+00
0.000000000000000000e+00 -6.713950368879949337e+00 1.842857142857142705e+01 9.241071428571352442e-01
0.000000000000000000e+00 -6.663229376257546299e+00 1.828571428571428470e+01 8.493303571428576504e-01
0.000000000000000000e+00 -7.585714285714285410e+00 1.500000000000000000e+01 -5.218750000000000000e+00
0.000000000000000000e+00 -7.264285714285714235e+00 1.350000000000000000e+01 -5.671875000000000000e+00
0.000000000000000000e+00 -7.066666666666666430e+00 1.366666666666666607e+01 -4.666666666666669627e+00
0.000000000000000000e+00 -7.000000000000000000e+00 1.650000000000000000e+01 -1.205729166666664298e+00
0.000000000000000000e+00 -6.915714285714285481e+00 1.459999999999999964e+01 -3.159375000000002487e+00
0.000000000000000000e+00 -6.805714285714286049e+00 2.000000000000000000e+01 2.438541666666672825e+00
0.000000000000000000e+00 -6.713950368879949337e+00 1.585714285714285765e+01 -1.647321428571434154e+00
0.000000000000000000e+00 -6.663229376257546299e+00 1.542857142857142883e+01 -2.007812499999998224e+00
1.300000000000000000e+01 5.414285714285714590e+00 1.300000000000000000e+01 -7.218750000000000000e+00
1.500000000000000000e+01 7.735714285714285765e+00 1.550000000000000000e+01 -3.671875000000000000e+00
1.000000000000000000e+01 2.933333333333333570e+00 1.266666666666666607e+01 -5.666666666666669627e+00
7.500000000000000000e+00 5.000000000000000000e-01 1.600000000000000000e+01 -1.705729166666664298e+00
6.000000000000000000e+00 -9.157142857142854808e-01 1.819999999999999929e+01 4.406249999999971578e-01
5.000000000000000000e+00 -1.805714285714286049e+00 1.500000000000000000e+01 -2.561458333333327175e+00
4.285714285714285587e+00 -2.377515090543260712e+00 1.300000000000000000e+01 -4.436383928571427049e+00
0.000000000000000000e+00 -7.585714285714285410e+00 1.100000000000000000e+01 -9.218750000000000000e+00
0.000000000000000000e+00 -7.264285714285714235e+00 1.700000000000000000e+01 -2.171875000000000000e+00
0.000000000000000000e+00 -7.066666666666666430e+00 1.333333333333333393e+01 -5.000000000000001776e+00
0.000000000000000000e+00 -7.000000000000000000e+00 1.050000000000000000e+01 -7.205729166666664298e+00
0.000000000000000000e+00 -6.915714285714285481e+00 1.300000000000000000e+01 -4.759375000000002132e+00
0.000000000000000000e+00 -6.805714285714286049e+00 1.700000000000000000e+01 -5.614583333333271753e-01
0.000000000000000000e+00 -6.713950368879949337e+00 1.342857142857142883e+01 -4.075892857142862979e+00
0.000000000000000000e+00 -6.663229376257546299e+00 1.312500000000000000e+01 -4.311383928571427049e+00
1.000000000000000000e+00 -6.585714285714285410e+00 6.000000000000000000e+00 -1.421875000000000000e+01
5.000000000000000000e-01 -6.764285714285714235e+00 1.350000000000000000e+01 -5.671875000000000000e+00
3.333333333333333148e-01 -6.733333333333333393e+00 1.566666666666666607e+01 -2.666666666666669627e+00
2.500000000000000000e-01 -6.665714285714285481e+00 2.119999999999999929e+01 3.440624999999997158e+00
2.000000000000000111e-01 -6.605714285714285872e+00 1.233333333333333393e+01 -5.228124999999993250e+00
1.666666666666666574e-01 -6.547283702213282375e+00 1.700000000000000000e+01 -5.044642857142918047e-01
1.428571428571428492e-01 -6.520372233400403061e+00 1.385714285714285765e+01 -3.579241071428569398e+00
0.000000000000000000e+00 -7.585714285714285410e+00 1.800000000000000000e+01 -2.218750000000000000e+00
9.000000000000000000e+00 1.735714285714285765e+00 1.200000000000000000e+01 -7.171875000000000000e+00
1.000000000000000000e+01 2.933333333333333570e+00 1.533333333333333393e+01 -3.000000000000001776e+00
1.025000000000000000e+01 3.250000000000000000e+00 1.300000000000000000e+01 -4.705729166666664298e+00
1.100000000000000000e+01 4.084285714285714519e+00 1.639999999999999858e+01 -1.359375000000003553e+00
1.466666666666666607e+01 7.860952380952380025e+00 1.700000000000000000e+01 -5.614583333333271753e-01
1.457142857142857117e+01 7.857478202548621837e+00 1.428571428571428648e+01 -3.218750000000005329e+00
1.325000000000000000e+01 6.586770623742453701e+00 1.514285714285714235e+01 -2.293526785714284699e+00
1.800000000000000000e+01 1.041428571428571459e+01 1.800000000000000000e+01 -2.218750000000000000e+00
1.600000000000000000e+01 8.735714285714285765e+00 1.450000000000000000e+01 -4.671875000000000000e+00
1.433333333333333393e+01 7.266666666666667496e+00 1.033333333333333393e+01 -8.000000000000001776e+00
1.500000000000000000e+01 8.084285714285714519e+00 1.219999999999999929e+01 -5.559375000000002842e+00
1.559999999999999964e+01 8.794285714285713595e+00 1.750000000000000000e+01 -6.145833333332717530e-02
1.383333333333333393e+01 7.119382964453384588e+00 1.257142857142857117e+01 -4.933035714285720630e+00
1.457142857142857117e+01 7.908199195171024876e+00 1.500000000000000000e+01 -2.436383928571427049e+00
0.000000000000000000e+00 -7.585714285714285410e+00 9.000000000000000000e+00 -1.121875000000000000e+01
0.000000000000000000e+00 -7.264285714285714235e+00 1.950000000000000000e+01 3.281250000000000000e-01
0.000000000000000000e+00 -7.066666666666666430e+00 1.300000000000000000e+01 -5.333333333333335702e+00
0.000000000000000000e+00 -7.000000000000000000e+00 1.075000000000000000e+01 -6.955729166666664298e+00
0.000000000000000000e+00 -6.915714285714285481e+00 1.259999999999999964e+01 -5.159375000000002487e+00
0.000000000000000000e+00 -6.713950368879949337e+00 1.485714285714285765e+01 -2.647321428571434154e+00
0.000000000000000000e+00 -6.663229376257546299e+00 1.885714285714285765e+01 1.420758928571430602e+00
1.700000000000000000e+01 9.414285714285714590e+00 1.700000000000000000e+01 -3.218750000000000000e+00
1.400000000000000000e+01 6.735714285714285765e+00 1.300000000000000000e+01 -6.171875000000000000e+00
1.533333333333333393e+01 8.266666666666667496e+00 1.500000000000000000e+01 -3.333333333333335702e+00
1.625000000000000000e+01 9.250000000000000000e+00 2.000000000000000000e+01 2.294270833333335702e+00
1.559999999999999964e+01 8.684285714285714164e+00 1.500000000000000000e+01 -2.759375000000002132e+00
1.766666666666666785e+01 1.086095238095238180e+01 1.739999999999999858e+01 -1.614583333333285964e-01
1.700000000000000000e+01 1.028604963112005066e+01 1.716666666666666785e+01 -3.377976190476239537e-01
0.000000000000000000e+00 -7.585714285714285410e+00 1.700000000000000000e+01 -3.218750000000000000e+00
0.000000000000000000e+00 -7.264285714285714235e+00 1.300000000000000000e+01 -6.171875000000000000e+00
0.000000000000000000e+00 -7.066666666666666430e+00 1.500000000000000000e+01 -3.333333333333335702e+00
0.000000000000000000e+00 -7.000000000000000000e+00 2.000000000000000000e+01 2.294270833333335702e+00
0.000000000000000000e+00 -6.915714285714285481e+00 1.500000000000000000e+01 -2.759375000000002132e+00
0.000000000000000000e+00 -6.805714285714286049e+00 1.739999999999999858e+01 -1.614583333333285964e-01
0.000000000000000000e+00 -6.713950368879949337e+00 1.716666666666666785e+01 -3.377976190476239537e-01
0.000000000000000000e+00 -7.585714285714285410e+00 1.700000000000000000e+01 -3.218750000000000000e+00
0.000000000000000000e+00 -7.264285714285714235e+00 1.300000000000000000e+01 -6.171875000000000000e+00
0.000000000000000000e+00 -7.066666666666666430e+00 1.500000000000000000e+01 -3.333333333333335702e+00
0.000000000000000000e+00 -7.000000000000000000e+00 2.000000000000000000e+01 2.294270833333335702e+00
0.000000000000000000e+00 -6.915714285714285481e+00 1.500000000000000000e+01 -2.759375000000002132e+00
0.000000000000000000e+00 -6.805714285714286049e+00 1.739999999999999858e+01 -1.614583333333285964e-01
7.142857142857143016e-01 -5.999664654594234925e+00 1.716666666666666785e+01 -3.377976190476239537e-01
0.000000000000000000e+00 -7.585714285714285410e+00 9.000000000000000000e+00 -1.121875000000000000e+01
0.000000000000000000e+00 -7.264285714285714235e+00 1.950000000000000000e+01 3.281250000000000000e-01
0.000000000000000000e+00 -7.066666666666666430e+00 1.300000000000000000e+01 -5.333333333333335702e+00
0.000000000000000000e+00 -7.000000000000000000e+00 1.075000000000000000e+01 -6.955729166666664298e+00
0.000000000000000000e+00 -6.915714285714285481e+00 1.259999999999999964e+01 -5.159375000000002487e+00
0.000000000000000000e+00 -6.713950368879949337e+00 1.485714285714285765e+01 -2.647321428571434154e+00
0.000000000000000000e+00 -6.663229376257546299e+00 1.885714285714285765e+01 1.420758928571430602e+00
0.000000000000000000e+00 -7.585714285714285410e+00 1.900000000000000000e+01 -1.218750000000000000e+00
0.000000000000000000e+00 -7.264285714285714235e+00 1.300000000000000000e+01 -6.171875000000000000e+00
0.000000000000000000e+00 -7.066666666666666430e+00 1.066666666666666607e+01 -7.666666666666669627e+00
-5.000000000000000000e-01 -7.500000000000000000e+00 1.650000000000000000e+01 -1.205729166666664298e+00
-4.000000000000000222e-01 -7.315714285714285836e+00 1.800000000000000000e+01 2.406249999999978684e-01
-3.333333333333333148e-01 -7.139047619047619087e+00 1.900000000000000000e+01 1.438541666666672825e+00
-2.857142857142856984e-01 -6.999664654594234925e+00 2.085714285714285765e+01 3.352678571428565846e+00
1.625000000000000000e+00 -5.038229376257546299e+00 1.562500000000000000e+01 -1.811383928571427049e+00
1.300000000000000000e+01 5.414285714285714590e+00 1.300000000000000000e+01 -7.218750000000000000e+00
1.250000000000000000e+01 5.235714285714285765e+00 2.100000000000000000e+01 1.828125000000000000e+00
1.333333333333333393e+01 6.266666666666667496e+00 1.300000000000000000e+01 -5.333333333333335702e+00
1.525000000000000000e+01 8.334285714285714519e+00 1.619999999999999929e+01 -1.559375000000002842e+00
1.459999999999999964e+01 7.794285714285713595e+00 1.333333333333333393e+01 -4.228124999999993250e+00
1.283333333333333393e+01 6.119382964453384588e+00 1.685714285714285765e+01 -6.473214285714341543e-01
1.314285714285714235e+01 6.479627766599596050e+00 1.614285714285714235e+01 -1.293526785714284699e+00
2.200000000000000000e+01 1.441428571428571459e+01 2.200000000000000000e+01 1.781250000000000000e+00
2.150000000000000000e+01 1.423571428571428577e+01 2.000000000000000000e+01 8.281250000000000000e-01
2.100000000000000000e+01 1.393333333333333357e+01 1.766666666666666785e+01 -6.666666666666678509e-01
2.350000000000000000e+01 1.658428571428571274e+01 1.900000000000000000e+01 1.240624999999997868e+00
2.300000000000000000e+01 1.619428571428571217e+01 2.066666666666666785e+01 3.105208333333340676e+00
2.383333333333333215e+01 1.711938296445338281e+01 1.457142857142857117e+01 -2.933035714285720630e+00
2.371428571428571530e+01 1.705105633802816811e+01 1.587500000000000000e+01 -1.561383928571427049e+00
0.000000000000000000e+00 -7.585714285714285410e+00 2.000000000000000000e+01 -2.187500000000000000e-01
0.000000000000000000e+00 -7.264285714285714235e+00 1.750000000000000000e+01 -1.671875000000000000e+00
0.000000000000000000e+00 -7.066666666666666430e+00 1.733333333333333215e+01 -1.000000000000003553e+00
1.750000000000000000e+00 -5.165714285714285481e+00 1.775000000000000000e+01 -9.375000000002131628e-03
1.399999999999999911e+00 -5.405714285714285694e+00 2.216666666666666785e+01 4.605208333333340676e+00
1.166666666666666741e+00 -5.547283702213282375e+00 1.633333333333333215e+01 -1.171130952380959656e+00
1.000000000000000000e+00 -5.663229376257546299e+00 1.928571428571428470e+01 1.849330357142857650e+00
0.000000000000000000e+00 -7.585714285714285410e+00 2.000000000000000000e+01 -2.187500000000000000e-01
3.000000000000000000e+00 -4.264285714285714235e+00 1.750000000000000000e+01 -1.671875000000000000e+00
8.000000000000000000e+00 9.333333333333335702e-01 1.733333333333333215e+01 -1.000000000000003553e+00
7.000000000000000000e+00 8.428571428571451918e-02 1.775000000000000000e+01 -9.375000000002131628e-03
5.599999999999999645e+00 -1.205714285714286405e+00 2.216666666666666785e+01 4.605208333333340676e+00
4.666666666666666963e+00 -2.047283702213282375e+00 1.633333333333333215e+01 -1.171130952380959656e+00
4.000000000000000000e+00 -2.663229376257546299e+00 1.928571428571428470e+01 1.849330357142857650e+00
0.000000000000000000e+00 -7.585714285714285410e+00 9.000000000000000000e+00 -1.121875000000000000e+01
0.000000000000000000e+00 -7.264285714285714235e+00 7.500000000000000000e+00 -1.167187500000000000e+01
0.000000000000000000e+00 -7.066666666666666430e+00 1.233333333333333393e+01 -6.000000000000001776e+00
1.500000000000000000e+00 -5.500000000000000000e+00 1.550000000000000000e+01 -2.205729166666664298e+00
1.199999999999999956e+00 -5.715714285714285303e+00 1.300000000000000000e+01 -4.759375000000002132e+00
1.000000000000000000e+00 -5.805714285714286049e+00 1.650000000000000000e+01 -1.061458333333327175e+00
8.571428571428570953e-01 -5.856807511737092575e+00 2.085714285714285765e+01 3.352678571428565846e+00
7.500000000000000000e-01 -5.913229376257546299e+00 1.887500000000000000e+01 1.438616071428572951e+00
0.000000000000000000e+00 -7.585714285714285410e+00 1.200000000000000000e+01 -8.218750000000000000e+00
0.000000000000000000e+00 -7.264285714285714235e+00 1.650000000000000000e+01 -2.671875000000000000e+00
0.000000000000000000e+00 -7.066666666666666430e+00 1.566666666666666607e+01 -2.666666666666669627e+00
0.000000000000000000e+00 -7.000000000000000000e+00 2.325000000000000000e+01 5.544270833333335702e+00
0.000000000000000000e+00 -6.915714285714285481e+00 2.060000000000000142e+01 2.840624999999999289e+00
0.000000000000000000e+00 -6.805714285714286049e+00 1.639999999999999858e+01 -1.161458333333328596e+00
0.000000000000000000e+00 -6.713950368879949337e+00 1.483333333333333393e+01 -2.671130952380957879e+00
0.000000000000000000e+00 -6.663229376257546299e+00 1.742857142857142705e+01 -7.812500000000000000e-03
0.000000000000000000e+00 -7.585714285714285410e+00 8.000000000000000000e+00 -1.221875000000000000e+01
0.000000000000000000e+00 -7.264285714285714235e+00 1.750000000000000000e+01 -1.671875000000000000e+00
0.000000000000000000e+00 -7.066666666666666430e+00 2.033333333333333215e+01 1.999999999999996447e+00
0.000000000000000000e+00 -7.000000000000000000e+00 1.450000000000000000e+01 -3.205729166666664298e+00
0.000000000000000000e+00 -6.915714285714285481e+00 1.800000000000000000e+01 2.406249999999978684e-01
0.000000000000000000e+00 -6.805714285714286049e+00 1.839999999999999858e+01 8.385416666666714036e-01
1.285714285714285809e+00 -5.428236083165663750e+00 1.557142857142857117e+01 -1.933035714285720630e+00
3.125000000000000000e+00 -3.538229376257546299e+00 1.475000000000000000e+01 -2.686383928571427049e+00
1.500000000000000000e+01 7.414285714285714590e+00 1.500000000000000000e+01 -5.218750000000000000e+00
1.450000000000000000e+01 7.235714285714285765e+00 1.350000000000000000e+01 -5.671875000000000000e+00
1.300000000000000000e+01 5.933333333333333570e+00 1.366666666666666607e+01 -4.666666666666669627e+00
1.600000000000000000e+01 9.000000000000000000e+00 1.650000000000000000e+01 -1.205729166666664298e+00
1.419999999999999929e+01 7.284285714285713809e+00 1.459999999999999964e+01 -3.159375000000002487e+00
1.716666666666666785e+01 1.036095238095238180e+01 2.000000000000000000e+01 2.438541666666672825e+00
1.671428571428571530e+01 1.000033534540576596e+01 1.585714285714285765e+01 -1.647321428571434154e+00
1.512500000000000000e+01 8.461770623742452813e+00 1.542857142857142883e+01 -2.007812499999998224e+00
0.000000000000000000e+00 -7.585714285714285410e+00 9.000000000000000000e+00 -1.121875000000000000e+01
0.000000000000000000e+00 -7.264285714285714235e+00 1.950000000000000000e+01 3.281250000000000000e-01
0.000000000000000000e+00 -7.066666666666666430e+00 1.300000000000000000e+01 -5.333333333333335702e+00
0.000000000000000000e+00 -7.000000000000000000e+00 1.075000000000000000e+01 -6.955729166666664298e+00
0.000000000000000000e+00 -6.915714285714285481e+00 1.259999999999999964e+01 -5.159375000000002487e+00
0.000000000000000000e+00 -6.713950368879949337e+00 1.485714285714285765e+01 -2.647321428571434154e+00
0.000000000000000000e+00 -6.663229376257546299e+00 1.885714285714285765e+01 1.420758928571430602e+00
0.000000000000000000e+00 -7.585714285714285410e+00 1.400000000000000000e+01 -6.218750000000000000e+00
0.000000000000000000e+00 -7.264285714285714235e+00 1.150000000000000000e+01 -7.671875000000000000e+00
0.000000000000000000e+00 -7.066666666666666430e+00 7.333333333333333037e+00 -1.100000000000000355e+01
0.000000000000000000e+00 -7.000000000000000000e+00 1.275000000000000000e+01 -4.955729166666664298e+00
0.000000000000000000e+00 -6.805714285714286049e+00 1.500000000000000000e+01 -2.561458333333327175e+00
0.000000000000000000e+00 -6.713950368879949337e+00 1.633333333333333215e+01 -1.171130952380959656e+00
-2.857142857142856984e-01 -6.948943661971831887e+00 1.471428571428571352e+01 -2.722098214285713524e+00
1.100000000000000000e+01 3.414285714285714590e+00 1.100000000000000000e+01 -9.218750000000000000e+00
1.400000000000000000e+01 6.735714285714285765e+00 1.700000000000000000e+01 -2.171875000000000000e+00
1.400000000000000000e+01 6.933333333333333570e+00 1.333333333333333393e+01 -5.000000000000001776e+00
1.250000000000000000e+01 5.500000000000000000e+00 1.050000000000000000e+01 -7.205729166666664298e+00
9.800000000000000711e+00 2.884285714285715230e+00 1.300000000000000000e+01 -4.759375000000002132e+00
1.050000000000000000e+01 3.694285714285713951e+00 1.700000000000000000e+01 -5.614583333333271753e-01
1.128571428571428648e+01 4.571763916834337138e+00 1.342857142857142883e+01 -4.075892857142862979e+00
9.125000000000000000e+00 2.461770623742453701e+00 1.312500000000000000e+01 -4.311383928571427049e+00
0.000000000000000000e+00 -7.585714285714285410e+00 9.000000000000000000e+00 -1.121875000000000000e+01
0.000000000000000000e+00 -7.264285714285714235e+00 1.000000000000000000e+01 -9.171875000000000000e+00
0.000000000000000000e+00 -7.066666666666666430e+00 1.533333333333333393e+01 -3.000000000000001776e+00
0.000000000000000000e+00 -7.000000000000000000e+00 1.900000000000000000e+01 1.294270833333335702e+00
0.000000000000000000e+00 -6.915714285714285481e+00 1.419999999999999929e+01 -3.559375000000002842e+00
0.000000000000000000e+00 -6.805714285714286049e+00 1.760000000000000142e+01 3.854166666667424579e-02
0.000000000000000000e+00 -6.713950368879949337e+00 1.514285714285714235e+01 -2.361607142857149455e+00
7.500000000000000000e-01 -5.913229376257546299e+00 2.050000000000000000e+01 3.063616071428572951e+00
0.000000000000000000e+00 -7.585714285714285410e+00 2.500000000000000000e+01 4.781250000000000000e+00
0.000000000000000000e+00 -7.264285714285714235e+00 1.700000000000000000e+01 -2.171875000000000000e+00
0.000000000000000000e+00 -7.066666666666666430e+00 2.200000000000000000e+01 3.666666666666664298e+00
0.000000000000000000e+00 -7.000000000000000000e+00 1.500000000000000000e+01 -2.705729166666664298e+00
0.000000000000000000e+00 -6.915714285714285481e+00 1.440000000000000036e+01 -3.359375000000001776e+00
0.000000000000000000e+00 -6.805714285714286049e+00 1.566666666666666607e+01 -1.894791666666661101e+00
0.000000000000000000e+00 -6.713950368879949337e+00 1.733333333333333215e+01 -1.711309523809596556e-01
0.000000000000000000e+00 -6.663229376257546299e+00 1.537500000000000000e+01 -2.061383928571427049e+00
9.000000000000000000e+00 1.414285714285714590e+00 9.000000000000000000e+00 -1.121875000000000000e+01
1.150000000000000000e+01 4.235714285714285765e+00 1.950000000000000000e+01 3.281250000000000000e-01
1.366666666666666607e+01 6.599999999999999645e+00 1.300000000000000000e+01 -5.333333333333335702e+00
1.550000000000000000e+01 8.500000000000000000e+00 1.075000000000000000e+01 -6.955729166666664298e+00
1.400000000000000000e+01 7.084285714285714519e+00 1.259999999999999964e+01 -5.159375000000002487e+00
1.400000000000000000e+01 7.286049631120050663e+00 1.485714285714285765e+01 -2.647321428571434154e+00
1.328571428571428648e+01 6.622484909456740176e+00 1.885714285714285765e+01 1.420758928571430602e+00
0.000000000000000000e+00 -7.585714285714285410e+00 1.400000000000000000e+01 -6.218750000000000000e+00
0.000000000000000000e+00 -7.264285714285714235e+00 9.000000000000000000e+00 -1.017187500000000000e+01
2.666666666666666519e+00 -4.400000000000000355e+00 1.733333333333333215e+01 -1.000000000000003553e+00
7.500000000000000000e+00 5.000000000000000000e-01 1.500000000000000000e+01 -2.705729166666664298e+00
6.000000000000000000e+00 -9.157142857142854808e-01 1.280000000000000071e+01 -4.959375000000001421e+00
5.333333333333333037e+00 -1.472380952380953012e+00 9.666666666666666075e+00 -7.894791666666661101e+00
5.428571428571428825e+00 -1.285378940308520512e+00 1.500000000000000000e+01 -2.504464285714291805e+00
6.375000000000000000e+00 -2.882293762575462992e-01 1.900000000000000000e+01 1.563616071428572951e+00
0.000000000000000000e+00 -7.585714285714285410e+00 1.300000000000000000e+01 -7.218750000000000000e+00
0.000000000000000000e+00 -7.264285714285714235e+00 1.200000000000000000e+01 -7.171875000000000000e+00
0.000000000000000000e+00 -7.066666666666666430e+00 1.766666666666666785e+01 -6.666666666666678509e-01
0.000000000000000000e+00 -7.000000000000000000e+00 1.450000000000000000e+01 -3.205729166666664298e+00
0.000000000000000000e+00 -6.915714285714285481e+00 1.400000000000000000e+01 -3.759375000000002132e+00
0.000000000000000000e+00 -6.805714285714286049e+00 1.383333333333333393e+01 -3.728124999999993250e+00
0.000000000000000000e+00 -6.713950368879949337e+00 1.385714285714285765e+01 -3.647321428571434154e+00
0.000000000000000000e+00 -6.663229376257546299e+00 1.537500000000000000e+01 -2.061383928571427049e+00
1.400000000000000000e+01 6.414285714285714590e+00 1.400000000000000000e+01 -6.218750000000000000e+00
9.500000000000000000e+00 2.235714285714285765e+00 9.000000000000000000e+00 -1.017187500000000000e+01
7.000000000000000000e+00 -6.666666666666642982e-02 1.733333333333333215e+01 -1.000000000000003553e+00
5.250000000000000000e+00 -1.750000000000000000e+00 1.500000000000000000e+01 -2.705729166666664298e+00
4.200000000000000178e+00 -2.715714285714285303e+00 1.280000000000000071e+01 -4.959375000000001421e+00
3.500000000000000000e+00 -3.305714285714286049e+00 9.666666666666666075e+00 -7.894791666666661101e+00
3.000000000000000000e+00 -3.713950368879949337e+00 1.500000000000000000e+01 -2.504464285714291805e+00
2.625000000000000000e+00 -4.038229376257546299e+00 1.900000000000000000e+01 1.563616071428572951e+00
0.000000000000000000e+00 -7.585714285714285410e+00 2.900000000000000000e+01 8.781250000000000000e+00
0.000000000000000000e+00 -7.264285714285714235e+00 1.300000000000000000e+01 -6.171875000000000000e+00
0.000000000000000000e+00 -7.066666666666666430e+00 1.233333333333333393e+01 -6.000000000000001776e+00
0.000000000000000000e+00 -7.000000000000000000e+00 2.050000000000000000e+01 2.794270833333335702e+00
0.000000000000000000e+00 -6.915714285714285481e+00 1.380000000000000071e+01 -3.959375000000001421e+00
0.000000000000000000e+00 -6.805714285714286049e+00 1.333333333333333393e+01 -4.228124999999993250e+00
0.000000000000000000e+00 -6.713950368879949337e+00 1.766666666666666785e+01 1.622023809523760463e-01
0.000000000000000000e+00 -6.663229376257546299e+00 1.625000000000000000e+01 -1.186383928571427049e+00
1.900000000000000000e+01 1.141428571428571459e+01 1.900000000000000000e+01 -1.218750000000000000e+00
1.400000000000000000e+01 6.735714285714285765e+00 1.300000000000000000e+01 -6.171875000000000000e+00
1.200000000000000000e+01 4.933333333333333570e+00 1.066666666666666607e+01 -7.666666666666669627e+00
9.000000000000000000e+00 2.000000000000000000e+00 1.650000000000000000e+01 -1.205729166666664298e+00
1.040000000000000036e+01 3.484285714285714874e+00 1.800000000000000000e+01 2.406249999999978684e-01
8.666666666666666075e+00 1.860952380952380025e+00 1.900000000000000000e+01 1.438541666666672825e+00
7.428571428571428825e+00 7.146210596914794877e-01 2.085714285714285765e+01 3.352678571428565846e+00
6.500000000000000000e+00 -1.632293762575462992e-01 1.562500000000000000e+01 -1.811383928571427049e+00
8.000000000000000000e+00 4.142857142857145902e-01 8.000000000000000000e+00 -1.221875000000000000e+01
5.500000000000000000e+00 -1.764285714285714235e+00 1.750000000000000000e+01 -1.671875000000000000e+00
3.666666666666666519e+00 -3.399999999999999911e+00 2.033333333333333215e+01 1.999999999999996447e+00
2.750000000000000000e+00 -4.250000000000000000e+00 1.450000000000000000e+01 -3.205729166666664298e+00
2.200000000000000178e+00 -4.715714285714285303e+00 1.800000000000000000e+01 2.406249999999978684e-01
1.833333333333333259e+00 -4.972380952380953012e+00 1.839999999999999858e+01 8.385416666666714036e-01
1.571428571428571397e+00 -5.142521797451378163e+00 1.557142857142857117e+01 -1.933035714285720630e+00
1.375000000000000000e+00 -5.288229376257546299e+00 1.475000000000000000e+01 -2.686383928571427049e+00
9.000000000000000000e+00 1.414285714285714590e+00 9.000000000000000000e+00 -1.121875000000000000e+01
9.000000000000000000e+00 1.735714285714285765e+00 7.500000000000000000e+00 -1.167187500000000000e+01
1.033333333333333393e+01 3.266666666666667496e+00 1.233333333333333393e+01 -6.000000000000001776e+00
8.750000000000000000e+00 1.750000000000000000e+00 1.550000000000000000e+01 -2.205729166666664298e+00
1.100000000000000000e+01 4.084285714285714519e+00 1.300000000000000000e+01 -4.759375000000002132e+00
1.416666666666666607e+01 7.360952380952380025e+00 1.650000000000000000e+01 -1.061458333333327175e+00
1.528571428571428648e+01 8.571763916834337138e+00 2.085714285714285765e+01 3.352678571428565846e+00
1.762500000000000000e+01 1.096177062374245281e+01 1.887500000000000000e+01 1.438616071428572951e+00
0.000000000000000000e+00 -7.585714285714285410e+00 1.400000000000000000e+01 -6.218750000000000000e+00
0.000000000000000000e+00 -7.264285714285714235e+00 1.950000000000000000e+01 3.281250000000000000e-01
0.000000000000000000e+00 -7.066666666666666430e+00 1.633333333333333215e+01 -2.000000000000003553e+00
0.000000000000000000e+00 -7.000000000000000000e+00 1.375000000000000000e+01 -3.955729166666664298e+00
0.000000000000000000e+00 -6.915714285714285481e+00 1.475000000000000000e+01 -3.009375000000002132e+00
0.000000000000000000e+00 -6.805714285714286049e+00 1.416666666666666607e+01 -3.394791666666661101e+00
0.000000000000000000e+00 -6.663229376257546299e+00 1.700000000000000000e+01 -4.363839285714270488e-01
5.000000000000000000e+00 -2.585714285714285410e+00 6.000000000000000000e+00 -1.421875000000000000e+01
7.000000000000000000e+00 -2.642857142857142350e-01 1.350000000000000000e+01 -5.671875000000000000e+00
1.166666666666666607e+01 4.599999999999999645e+00 1.566666666666666607e+01 -2.666666666666669627e+00
1.525000000000000000e+01 8.334285714285714519e+00 2.119999999999999929e+01 3.440624999999997158e+00
1.440000000000000036e+01 7.594285714285714306e+00 1.233333333333333393e+01 -5.228124999999993250e+00
1.433333333333333393e+01 7.619382964453384588e+00 1.700000000000000000e+01 -5.044642857142918047e-01
1.342857142857142883e+01 6.765342052313882526e+00 1.385714285714285765e+01 -3.579241071428569398e+00
1.300000000000000000e+01 5.414285714285714590e+00 1.300000000000000000e+01 -7.218750000000000000e+00
1.300000000000000000e+01 5.735714285714285765e+00 1.200000000000000000e+01 -7.171875000000000000e+00
1.466666666666666607e+01 7.599999999999999645e+00 1.766666666666666785e+01 -6.666666666666678509e-01
1.375000000000000000e+01 6.750000000000000000e+00 1.450000000000000000e+01 -3.205729166666664298e+00
1.180000000000000071e+01 4.884285714285715230e+00 1.400000000000000000e+01 -3.759375000000002132e+00
1.150000000000000000e+01 4.694285714285713951e+00 1.383333333333333393e+01 -3.728124999999993250e+00
1.228571428571428648e+01 5.571763916834337138e+00 1.385714285714285765e+01 -3.647321428571434154e+00
1.250000000000000000e+01 5.836770623742453701e+00 1.537500000000000000e+01 -2.061383928571427049e+00
9.000000000000000000e+00 1.414285714285714590e+00 9.000000000000000000e+00 -1.121875000000000000e+01
1.000000000000000000e+01 2.735714285714285765e+00 1.000000000000000000e+01 -9.171875000000000000e+00
1.166666666666666607e+01 4.599999999999999645e+00 1.533333333333333393e+01 -3.000000000000001776e+00
1.475000000000000000e+01 7.750000000000000000e+00 1.900000000000000000e+01 1.294270833333335702e+00
1.540000000000000036e+01 8.484285714285714874e+00 1.419999999999999929e+01 -3.559375000000002842e+00
1.550000000000000000e+01 8.694285714285713951e+00 1.760000000000000142e+01 3.854166666667424579e-02
1.628571428571428470e+01 9.571763916834335362e+00 1.514285714285714235e+01 -2.361607142857149455e+00
1.575000000000000000e+01 9.086770623742452813e+00 2.050000000000000000e+01 3.063616071428572951e+00
1.700000000000000000e+01 9.414285714285714590e+00 1.700000000000000000e+01 -3.218750000000000000e+00
1.700000000000000000e+01 9.735714285714285765e+00 1.850000000000000000e+01 -6.718750000000000000e-01
1.833333333333333215e+01 1.126666666666666572e+01 2.000000000000000000e+01 1.666666666666664298e+00
2.225000000000000000e+01 1.533428571428571452e+01 2.300000000000000000e+01 5.240624999999997868e+00
1.980000000000000071e+01 1.299428571428571466e+01 1.333333333333333393e+01 -4.228124999999993250e+00
2.250000000000000000e+01 1.578604963112005066e+01 2.050000000000000000e+01 2.995535714285708195e+00
2.100000000000000000e+01 1.433677062374245281e+01 1.762500000000000000e+01 1.886160714285729512e-01
1.600000000000000000e+01 8.414285714285714590e+00 1.600000000000000000e+01 -4.218750000000000000e+00
1.100000000000000000e+01 3.735714285714285765e+00 1.200000000000000000e+01 -7.171875000000000000e+00
1.233333333333333393e+01 5.266666666666667496e+00 1.366666666666666607e+01 -4.666666666666669627e+00
1.475000000000000000e+01 7.750000000000000000e+00 1.800000000000000000e+01 2.942708333333357018e-01
1.419999999999999929e+01 7.284285714285713809e+00 2.100000000000000000e+01 3.240624999999997868e+00
1.366666666666666607e+01 6.860952380952380025e+00 1.660000000000000142e+01 -9.614583333333257542e-01
1.400000000000000000e+01 7.286049631120050663e+00 1.571428571428571352e+01 -1.790178571428578280e+00
1.775000000000000000e+01 1.108677062374245281e+01 1.650000000000000000e+01 -9.363839285714270488e-01
0.000000000000000000e+00 -7.585714285714285410e+00 1.400000000000000000e+01 -6.218750000000000000e+00
0.000000000000000000e+00 -7.264285714285714235e+00 1.150000000000000000e+01 -7.671875000000000000e+00
0.000000000000000000e+00 -7.066666666666666430e+00 7.333333333333333037e+00 -1.100000000000000355e+01
1.250000000000000000e+00 -5.750000000000000000e+00 1.275000000000000000e+01 -4.955729166666664298e+00
1.000000000000000000e+00 -5.805714285714286049e+00 1.500000000000000000e+01 -2.561458333333327175e+00
8.333333333333333703e-01 -5.880617035546616300e+00 1.633333333333333215e+01 -1.171130952380959656e+00
7.142857142857143016e-01 -5.948943661971831887e+00 1.471428571428571352e+01 -2.722098214285713524e+00
0.000000000000000000e+00 -7.585714285714285410e+00 1.400000000000000000e+01 -6.218750000000000000e+00
0.000000000000000000e+00 -7.264285714285714235e+00 1.950000000000000000e+01 3.281250000000000000e-01
0.000000000000000000e+00 -7.066666666666666430e+00 1.633333333333333215e+01 -2.000000000000003553e+00
0.000000000000000000e+00 -7.000000000000000000e+00 1.375000000000000000e+01 -3.955729166666664298e+00
0.000000000000000000e+00 -6.915714285714285481e+00 1.475000000000000000e+01 -3.009375000000002132e+00
0.000000000000000000e+00 -6.805714285714286049e+00 1.416666666666666607e+01 -3.394791666666661101e+00
0.000000000000000000e+00 -6.663229376257546299e+00 1.700000000000000000e+01 -4.363839285714270488e-01
0.000000000000000000e+00 -7.585714285714285410e+00 1.600000000000000000e+01 -4.218750000000000000e+00
0.000000000000000000e+00 -7.264285714285714235e+00 1.200000000000000000e+01 -7.171875000000000000e+00
0.000000000000000000e+00 -7.066666666666666430e+00 1.366666666666666607e+01 -4.666666666666669627e+00
0.000000000000000000e+00 -7.000000000000000000e+00 1.800000000000000000e+01 2.942708333333357018e-01
0.000000000000000000e+00 -6.915714285714285481e+00 2.100000000000000000e+01 3.240624999999997868e+00
0.000000000000000000e+00 -6.805714285714286049e+00 1.660000000000000142e+01 -9.614583333333257542e-01
0.000000000000000000e+00 -6.713950368879949337e+00 1.571428571428571352e+01 -1.790178571428578280e+00
0.000000000000000000e+00 -6.663229376257546299e+00 1.650000000000000000e+01 -9.363839285714270488e-01
0.000000000000000000e+00 -7.585714285714285410e+00 1.300000000000000000e+01 -7.218750000000000000e+00
0.000000000000000000e+00 -7.264285714285714235e+00 2.100000000000000000e+01 1.828125000000000000e+00
0.000000000000000000e+00 -7.066666666666666430e+00 1.300000000000000000e+01 -5.333333333333335702e+00
0.000000000000000000e+00 -6.915714285714285481e+00 1.619999999999999929e+01 -1.559375000000002842e+00
0.000000000000000000e+00 -6.805714285714286049e+00 1.333333333333333393e+01 -4.228124999999993250e+00
0.000000000000000000e+00 -6.713950368879949337e+00 1.685714285714285765e+01 -6.473214285714341543e-01
0.000000000000000000e+00 -6.663229376257546299e+00 1.614285714285714235e+01 -1.293526785714284699e+00
0.000000000000000000e+00 -7.585714285714285410e+00 3.000000000000000000e+01 9.781250000000000000e+00
0.000000000000000000e+00 -7.264285714285714235e+00 1.200000000000000000e+01 -7.171875000000000000e+00
0.000000000000000000e+00 -7.066666666666666430e+00 1.666666666666666785e+01 -1.666666666666667851e+00
0.000000000000000000e+00 -7.000000000000000000e+00 1.325000000000000000e+01 -4.455729166666664298e+00
0.000000000000000000e+00 -6.915714285714285481e+00 1.440000000000000036e+01 -3.359375000000001776e+00
0.000000000000000000e+00 -6.805714285714286049e+00 1.566666666666666607e+01 -1.894791666666661101e+00
0.000000000000000000e+00 -6.713950368879949337e+00 1.442857142857142883e+01 -3.075892857142862979e+00
0.000000000000000000e+00 -6.663229376257546299e+00 1.162500000000000000e+01 -5.811383928571427049e+00
0.000000000000000000e+00 -7.585714285714285410e+00 1.800000000000000000e+01 -2.218750000000000000e+00
0.000000000000000000e+00 -7.264285714285714235e+00 1.200000000000000000e+01 -7.171875000000000000e+00
0.000000000000000000e+00 -7.066666666666666430e+00 1.533333333333333393e+01 -3.000000000000001776e+00
0.000000000000000000e+00 -7.000000000000000000e+00 1.300000000000000000e+01 -4.705729166666664298e+00
0.000000000000000000e+00 -6.915714285714285481e+00 1.639999999999999858e+01 -1.359375000000003553e+00
0.000000000000000000e+00 -6.805714285714286049e+00 1.700000000000000000e+01 -5.614583333333271753e-01
0.000000000000000000e+00 -6.713950368879949337e+00 1.428571428571428648e+01 -3.218750000000005329e+00
0.000000000000000000e+00 -6.663229376257546299e+00 1.514285714285714235e+01 -2.293526785714284699e+00
1.400000000000000000e+01 6.414285714285714590e+00 1.400000000000000000e+01 -6.218750000000000000e+00
1.450000000000000000e+01 7.235714285714285765e+00 1.150000000000000000e+01 -7.671875000000000000e+00
1.100000000000000000e+01 3.933333333333333570e+00 7.333333333333333037e+00 -1.100000000000000355e+01
1.000000000000000000e+01 3.000000000000000000e+00 1.275000000000000000e+01 -4.955729166666664298e+00
1.300000000000000000e+01 6.194285714285713951e+00 1.500000000000000000e+01 -2.561458333333327175e+00
1.183333333333333393e+01 5.119382964453384588e+00 1.633333333333333215e+01 -1.171130952380959656e+00
1.228571428571428648e+01 5.622484909456740176e+00 1.471428571428571352e+01 -2.722098214285713524e+00
1.300000000000000000e+01 5.414285714285714590e+00 1.300000000000000000e+01 -7.218750000000000000e+00
1.250000000000000000e+01 5.235714285714285765e+00 1.450000000000000000e+01 -4.671875000000000000e+00
1.233333333333333393e+01 5.266666666666667496e+00 1.733333333333333215e+01 -1.000000000000003553e+00
1.425000000000000000e+01 7.250000000000000000e+00 1.425000000000000000e+01 -3.455729166666664298e+00
1.480000000000000071e+01 7.994285714285714661e+00 1.350000000000000000e+01 -4.061458333333327175e+00
1.616666666666666785e+01 9.452716297786718513e+00 1.671428571428571530e+01 -7.901785714285765039e-01
1.571428571428571352e+01 9.051056338028168113e+00 1.637500000000000000e+01 -1.061383928571427049e+00
2.000000000000000000e+01 1.241428571428571459e+01 2.000000000000000000e+01 -2.187500000000000000e-01
1.000000000000000000e+01 2.735714285714285765e+00 1.750000000000000000e+01 -1.671875000000000000e+00
6.666666666666666963e+00 -3.999999999999994671e-01 1.733333333333333215e+01 -1.000000000000003553e+00
5.000000000000000000e+00 -1.915714285714285481e+00 1.775000000000000000e+01 -9.375000000002131628e-03
7.599999999999999645e+00 7.942857142857135955e-01 2.216666666666666785e+01 4.605208333333340676e+00
9.000000000000000000e+00 2.286049631120050663e+00 1.633333333333333215e+01 -1.171130952380959656e+00
1.071428571428571352e+01 4.051056338028167225e+00 1.928571428571428470e+01 1.849330357142857650e+00
9.000000000000000000e+00 1.414285714285714590e+00 9.000000000000000000e+00 -1.121875000000000000e+01
1.800000000000000000e+01 1.073571428571428577e+01 2.050000000000000000e+01 1.328125000000000000e+00
1.533333333333333393e+01 8.266666666666667496e+00 1.133333333333333393e+01 -7.000000000000001776e+00
1.850000000000000000e+01 1.150000000000000000e+01 1.700000000000000000e+01 -7.057291666666642982e-01
1.839999999999999858e+01 1.148428571428571310e+01 1.380000000000000071e+01 -3.959375000000001421e+00
1.950000000000000000e+01 1.269428571428571395e+01 1.519999999999999929e+01 -2.361458333333327886e+00
2.014285714285714235e+01 1.342890677397719301e+01 1.842857142857142705e+01 9.241071428571352442e-01
2.062500000000000000e+01 1.396177062374245281e+01 1.828571428571428470e+01 8.493303571428576504e-01
1.600000000000000000e+01 8.414285714285714590e+00 1.600000000000000000e+01 -4.218750000000000000e+00
1.300000000000000000e+01 5.735714285714285765e+00 1.150000000000000000e+01 -7.671875000000000000e+00
9.000000000000000000e+00 1.933333333333333570e+00 1.833333333333333215e+01 -3.552713678800500929e-15
6.750000000000000000e+00 -2.500000000000000000e-01 1.600000000000000000e+01 -1.705729166666664298e+00
5.400000000000000355e+00 -1.515714285714285126e+00 1.359999999999999964e+01 -4.159375000000002487e+00
4.500000000000000000e+00 -2.305714285714286049e+00 1.650000000000000000e+01 -1.061458333333327175e+00
3.857142857142857206e+00 -2.856807511737092131e+00 1.500000000000000000e+01 -2.504464285714291805e+00
3.375000000000000000e+00 -3.288229376257546299e+00 1.328571428571428648e+01 -4.150669642857140573e+00
0.000000000000000000e+00 -7.585714285714285410e+00 2.900000000000000000e+01 8.781250000000000000e+00
0.000000000000000000e+00 -7.264285714285714235e+00 1.300000000000000000e+01 -6.171875000000000000e+00
0.000000000000000000e+00 -7.066666666666666430e+00 1.233333333333333393e+01 -6.000000000000001776e+00
0.000000000000000000e+00 -7.000000000000000000e+00 2.050000000000000000e+01 2.794270833333335702e+00
0.000000000000000000e+00 -6.915714285714285481e+00 1.380000000000000071e+01 -3.959375000000001421e+00
0.000000000000000000e+00 -6.805714285714286049e+00 1.333333333333333393e+01 -4.228124999999993250e+00
0.000000000000000000e+00 -6.713950368879949337e+00 1.766666666666666785e+01 1.622023809523760463e-01
0.000000000000000000e+00 -6.663229376257546299e+00 1.625000000000000000e+01 -1.186383928571427049e+00
1.800000000000000000e+01 1.041428571428571459e+01 1.800000000000000000e+01 -2.218750000000000000e+00
9.000000000000000000e+00 1.735714285714285765e+00 1.200000000000000000e+01 -7.171875000000000000e+00
8.333333333333333925e+00 1.266666666666667496e+00 1.533333333333333393e+01 -3.000000000000001776e+00
6.750000000000000000e+00 -2.500000000000000000e-01 1.300000000000000000e+01 -4.705729166666664298e+00
5.400000000000000355e+00 -1.515714285714285126e+00 1.639999999999999858e+01 -1.359375000000003553e+00
4.500000000000000000e+00 -2.305714285714286049e+00 1.700000000000000000e+01 -5.614583333333271753e-01
4.571428571428571175e+00 -2.142521797451378163e+00 1.428571428571428648e+01 -3.218750000000005329e+00
4.000000000000000000e+00 -2.663229376257546299e+00 1.514285714285714235e+01 -2.293526785714284699e+00
0.000000000000000000e+00 -7.585714285714285410e+00 3.000000000000000000e+01 9.781250000000000000e+00
0.000000000000000000e+00 -7.264285714285714235e+00 1.200000000000000000e+01 -7.171875000000000000e+00
0.000000000000000000e+00 -7.066666666666666430e+00 1.666666666666666785e+01 -1.666666666666667851e+00
0.000000000000000000e+00 -7.000000000000000000e+00 1.325000000000000000e+01 -4.455729166666664298e+00
0.000000000000000000e+00 -6.915714285714285481e+00 1.440000000000000036e+01 -3.359375000000001776e+00
0.000000000000000000e+00 -6.805714285714286049e+00 1.566666666666666607e+01 -1.894791666666661101e+00
0.000000000000000000e+00 -6.713950368879949337e+00 1.442857142857142883e+01 -3.075892857142862979e+00
0.000000000000000000e+00 -6.663229376257546299e+00 1.162500000000000000e+01 -5.811383928571427049e+00
3.000000000000000000e+01 2.241428571428571459e+01 3.000000000000000000e+01 9.781250000000000000e+00
1.950000000000000000e+01 1.223571428571428577e+01 1.200000000000000000e+01 -7.171875000000000000e+00
2.066666666666666785e+01 1.360000000000000142e+01 1.666666666666666785e+01 -1.666666666666667851e+00
2.025000000000000000e+01 1.325000000000000000e+01 1.325000000000000000e+01 -4.455729166666664298e+00
1.900000000000000000e+01 1.208428571428571452e+01 1.440000000000000036e+01 -3.359375000000001776e+00
1.783333333333333215e+01 1.102761904761904610e+01 1.566666666666666607e+01 -1.894791666666661101e+00
1.685714285714285765e+01 1.014319248826290831e+01 1.442857142857142883e+01 -3.075892857142862979e+00
1.662500000000000000e+01 9.961770623742452813e+00 1.162500000000000000e+01 -5.811383928571427049e+00
