2.900000000000000000e+01 2.141428571428571459e+01 2.900000000000000000e+01 8.781250000000000000e+00
1.200000000000000000e+01 4.414285714285714590e+00 1.200000000000000000e+01 -8.218750000000000000e+00
0.000000000000000000e+00 -7.585714285714285410e+00 1.700000000000000000e+01 -3.218750000000000000e+00
6.000000000000000000e+00 -1.585714285714285410e+00 6.000000000000000000e+00 -1.421875000000000000e+01
1.400000000000000000e+01 6.414285714285714590e+00 1.400000000000000000e+01 -6.218750000000000000e+00
0.000000000000000000e+00 -7.585714285714285410e+00 9.000000000000000000e+00 -1.121875000000000000e+01
0.000000000000000000e+00 -7.585714285714285410e+00 1.500000000000000000e+01 -5.218750000000000000e+00
0.000000000000000000e+00 -7.585714285714285410e+00 1.500000000000000000e+01 -5.218750000000000000e+00
1.500000000000000000e+01 7.414285714285714590e+00 1.500000000000000000e+01 -5.218750000000000000e+00
0.000000000000000000e+00 -7.585714285714285410e+00 1.400000000000000000e+01 -6.218750000000000000e+00
0.000000000000000000e+00 -7.585714285714285410e+00 8.000000000000000000e+00 -1.221875000000000000e+01
0.000000000000000000e+00 -7.585714285714285410e+00 1.800000000000000000e+01 -2.218750000000000000e+00
0.000000000000000000e+00 -7.585714285714285410e+00 6.000000000000000000e+00 -1.421875000000000000e+01
0.000000000000000000e+00 -7.585714285714285410e+00 1.600000000000000000e+01 -4.218750000000000000e+00
2.500000000000000000e+01 1.741428571428571459e+01 2.500000000000000000e+01 4.781250000000000000e+00
0.000000000000000000e+00 -7.585714285714285410e+00 1.600000000000000000e+01 -4.218750000000000000e+00
1.500000000000000000e+01 7.414285714285714590e+00 1.500000000000000000e+01 -5.218750000000000000e+00
0.000000000000000000e+00 -7.585714285714285410e+00 6.000000000000000000e+00 -1.421875000000000000e+01
0.000000000000000000e+00 -7.585714285714285410e+00 1.300000000000000000e+01 -7.218750000000000000e+00
0.000000000000000000e+00 -7.585714285714285410e+00 1.300000000000000000e+01 -7.218750000000000000e+00
0.000000000000000000e+00 -7.585714285714285410e+00 1.700000000000000000e+01 -3.218750000000000000e+00
0.000000000000000000e+00 -7.585714285714285410e+00 1.300000000000000000e+01 -7.218750000000000000e+00
1.700000000000000000e+01 9.414285714285714590e+00 1.700000000000000000e+01 -3.218750000000000000e+00
0.000000000000000000e+00 -7.585714285714285410e+00 2.200000000000000000e+01 1.781250000000000000e+00
0.000000000000000000e+00 -7.585714285714285410e+00 1.900000000000000000e+01 -1.218750000000000000e+00
0.000000000000000000e+00 -7.585714285714285410e+00 1.100000000000000000e+01 -9.218750000000000000e+00
0.000000000000000000e+00 -7.585714285714285410e+00 9.000000000000000000e+00 -1.121875000000000000e+01
0.000000000000000000e+00 -7.585714285714285410e+00 1.500000000000000000e+01 -5.218750000000000000e+00
1.300000000000000000e+01 5.414285714285714590e+00 1.300000000000000000e+01 -7.218750000000000000e+00
0.000000000000000000e+00 -7.585714285714285410e+00 1.100000000000000000e+01 -9.218750000000000000e+00
1.000000000000000000e+00 -6.585714285714285410e+00 6.000000000000000000e+00 -1.421875000000000000e+01
0.000000000000000000e+00 -7.585714285714285410e+00 1.800000000000000000e+01 -2.218750000000000000e+00
1.800000000000000000e+01 1.041428571428571459e+01 1.800000000000000000e+01 -2.218750000000000000e+00
0.000000000000000000e+00 -7.585714285714285410e+00 9.000000000000000000e+00 -1.121875000000000000e+01
1.700000000000000000e+01 9.414285714285714590e+00 1.700000000000000000e+01 -3.218750000000000000e+00
0.000000000000000000e+00 -7.585714285714285410e+00 1.700000000000000000e+01 -3.218750000000000000e+00
0.000000000000000000e+00 -7.585714285714285410e+00 1.700000000000000000e+01 -3.218750000000000000e+00
0.000000000000000000e+00 -7.585714285714285410e+00 9.000000000000000000e+00 -1.121875000000000000e+01
0.000000000000000000e+00 -7.585714285714285410e+00 1.900000000000000000e+01 -1.218750000000000000e+00
1.300000000000000000e+01 5.414285714285714590e+00 1.300000000000000000e+01 -7.218750000000000000e+00
2.200000000000000000e+01 1.441428571428571459e+01 2.200000000000000000e+01 1.781250000000000000e+00
0.000000000000000000e+00 -7.585714285714285410e+00 2.000000000000000000e+01 -2.187500000000000000e-01
0.000000000000000000e+00 -7.585714285714285410e+00 2.000000000000000000e+01 -2.187500000000000000e-01
0.000000000000000000e+00 -7.585714285714285410e+00 9.000000000000000000e+00 -1.121875000000000000e+01
0.000000000000000000e+00 -7.585714285714285410e+00 1.200000000000000000e+01 -8.218750000000000000e+00
0.000000000000000000e+00 -7.585714285714285410e+00 8.000000000000000000e+00 -1.221875000000000000e+01
1.500000000000000000e+01 7.414285714285714590e+00 1.500000000000000000e+01 -5.218750000000000000e+00
0.000000000000000000e+00 -7.585714285714285410e+00 9.000000000000000000e+00 -1.121875000000000000e+01
0.000000000000000000e+00 -7.585714285714285410e+00 1.400000000000000000e+01 -6.218750000000000000e+00
1.100000000000000000e+01 3.414285714285714590e+00 1.100000000000000000e+01 -9.218750000000000000e+00
0.000000000000000000e+00 -7.585714285714285410e+00 9.000000000000000000e+00 -1.121875000000000000e+01
0.000000000000000000e+00 -7.585714285714285410e+00 2.500000000000000000e+01 4.781250000000000000e+00
9.000000000000000000e+00 1.414285714285714590e+00 9.000000000000000000e+00 -1.121875000000000000e+01
0.000000000000000000e+00 -7.585714285714285410e+00 1.400000000000000000e+01 -6.218750000000000000e+00
0.000000000000000000e+00 -7.585714285714285410e+00 1.300000000000000000e+01 -7.218750000000000000e+00
1.400000000000000000e+01 6.414285714285714590e+00 1.400000000000000000e+01 -6.218750000000000000e+00
0.000000000000000000e+00 -7.585714285714285410e+00 2.900000000000000000e+01 8.781250000000000000e+00
1.900000000000000000e+01 1.141428571428571459e+01 1.900000000000000000e+01 -1.218750000000000000e+00
8.000000000000000000e+00 4.142857142857145902e-01 8.000000000000000000e+00 -1.221875000000000000e+01
9.000000000000000000e+00 1.414285714285714590e+00 9.000000000000000000e+00 -1.121875000000000000e+01
0.000000000000000000e+00 -7.585714285714285410e+00 1.400000000000000000e+01 -6.218750000000000000e+00
5.000000000000000000e+00 -2.585714285714285410e+00 6.000000000000000000e+00 -1.421875000000000000e+01
1.300000000000000000e+01 5.414285714285714590e+00 1.300000000000000000e+01 -7.218750000000000000e+00
9.000000000000000000e+00 1.414285714285714590e+00 9.000000000000000000e+00 -1.121875000000000000e+01
1.700000000000000000e+01 9.414285714285714590e+00 1.700000000000000000e+01 -3.218750000000000000e+00
1.600000000000000000e+01 8.414285714285714590e+00 1.600000000000000000e+01 -4.218750000000000000e+00
0.000000000000000000e+00 -7.585714285714285410e+00 1.400000000000000000e+01 -6.218750000000000000e+00
0.000000000000000000e+00 -7.585714285714285410e+00 1.400000000000000000e+01 -6.218750000000000000e+00
0.000000000000000000e+00 -7.585714285714285410e+00 1.600000000000000000e+01 -4.218750000000000000e+00
0.000000000000000000e+00 -7.585714285714285410e+00 1.300000000000000000e+01 -7.218750000000000000e+00
0.000000000000000000e+00 -7.585714285714285410e+00 3.000000000000000000e+01 9.781250000000000000e+00
0.000000000000000000e+00 -7.585714285714285410e+00 1.800000000000000000e+01 -2.218750000000000000e+00
1.400000000000000000e+01 6.414285714285714590e+00 1.400000000000000000e+01 -6.218750000000000000e+00
1.300000000000000000e+01 5.414285714285714590e+00 1.300000000000000000e+01 -7.218750000000000000e+00
2.000000000000000000e+01 1.241428571428571459e+01 2.000000000000000000e+01 -2.187500000000000000e-01
9.000000000000000000e+00 1.414285714285714590e+00 9.000000000000000000e+00 -1.121875000000000000e+01
1.600000000000000000e+01 8.414285714285714590e+00 1.600000000000000000e+01 -4.218750000000000000e+00
0.000000000000000000e+00 -7.585714285714285410e+00 2.900000000000000000e+01 8.781250000000000000e+00
1.800000000000000000e+01 1.041428571428571459e+01 1.800000000000000000e+01 -2.218750000000000000e+00
0.000000000000000000e+00 -7.585714285714285410e+00 3.000000000000000000e+01 9.781250000000000000e+00
3.000000000000000000e+01 2.241428571428571459e+01 3.000000000000000000e+01 9.781250000000000000e+00
