3.000000000000000000e+00 4.239130434782607537e-01 1.100000000000000000e+01 1.343750000000000000e+00
8.500000000000000000e+00 6.080645161290322065e+00 1.250000000000000000e+01 3.453125000000000000e+00
5.666666666666666963e+00 3.333333333333333481e+00 8.666666666666666075e+00 2.500000000000000000e-01
5.250000000000000000e+00 2.905017921146953341e+00 5.000000000000000000e+00 -3.703125000000000000e+00
5.599999999999999645e+00 3.270967741935483453e+00 1.140000000000000036e+01 2.598437500000001066e+00
5.166666666666666963e+00 2.904255319148936643e+00 8.500000000000000000e+00 -6.145833333333428072e-02
6.000000000000000000e+00 3.751266464032420700e+00 5.285714285714285587e+00 -3.145089285714287364e+00
5.250000000000000000e+00 3.097932330827067648e+00 9.857142857142857650e+00 1.719308035714286476e+00
5.222222222222222321e+00 3.055847953216374258e+00 9.333333333333333925e+00 1.152343750000001776e+00
2.000000000000000000e+00 -5.760869565217392463e-01 2.000000000000000000e+00 -7.656250000000000000e+00
1.500000000000000000e+00 -9.193548387096774910e-01 2.500000000000000000e+00 -6.546875000000000000e+00
2.666666666666666519e+00 3.333333333333330373e-01 5.333333333333333037e+00 -3.083333333333333037e+00
5.500000000000000000e+00 3.155017921146953341e+00 8.750000000000000000e+00 4.687500000000000000e-02
5.200000000000000178e+00 2.870967741935483986e+00 1.259999999999999964e+01 3.798437500000000355e+00
4.500000000000000000e+00 2.237588652482269680e+00 6.400000000000000355e+00 -2.161458333333333925e+00
4.000000000000000000e+00 1.751266464032420700e+00 5.000000000000000000e+00 -3.430803571428572951e+00
5.625000000000000000e+00 3.472932330827067648e+00 9.750000000000000000e+00 1.612165178571428825e+00
5.111111111111110716e+00 2.944736842105262653e+00 5.333333333333333037e+00 -2.847656249999999112e+00
0.000000000000000000e+00 -2.576086956521739246e+00 1.500000000000000000e+01 5.343750000000000000e+00
0.000000000000000000e+00 -2.419354838709677491e+00 1.450000000000000000e+01 5.453125000000000000e+00
0.000000000000000000e+00 -2.333333333333333481e+00 9.000000000000000000e+00 5.833333333333339255e-01
0.000000000000000000e+00 -2.344982078853046659e+00 1.325000000000000000e+01 4.546875000000000000e+00
0.000000000000000000e+00 -2.329032258064516192e+00 1.000000000000000000e+01 1.198437500000000711e+00
0.000000000000000000e+00 -2.262411347517730320e+00 8.199999999999999289e+00 -3.614583333333349913e-01
8.571428571428570953e-01 -1.391590678824722094e+00 9.333333333333333925e+00 9.025297619047609743e-01
7.500000000000000000e-01 -1.402067669172932352e+00 8.714285714285713524e+00 5.764508928571423496e-01
6.666666666666666297e-01 -1.499707602339181545e+00 5.875000000000000000e+00 -2.305989583333332149e+00
0.000000000000000000e+00 -2.576086956521739246e+00 6.000000000000000000e+00 -3.656250000000000000e+00
0.000000000000000000e+00 -2.419354838709677491e+00 6.000000000000000000e+00 -3.046875000000000000e+00
3.333333333333333148e-01 -2.000000000000000000e+00 4.666666666666666963e+00 -3.749999999999999112e+00
2.500000000000000000e-01 -2.094982078853046659e+00 1.050000000000000000e+01 1.796875000000000000e+00
2.000000000000000111e-01 -2.129032258064516014e+00 4.000000000000000000e+00 -4.801562499999999289e+00
1.666666666666666574e-01 -2.095744680851063801e+00 5.166666666666666963e+00 -3.394791666666667318e+00
1.428571428571428492e-01 -2.009210526315789558e+00 4.875000000000000000e+00 -3.262834821428571175e+00
1.250000000000000000e-01 -2.041374269005848063e+00 5.375000000000000000e+00 -2.805989583333332149e+00
0.000000000000000000e+00 -2.576086956521739246e+00 1.100000000000000000e+01 1.343750000000000000e+00
0.000000000000000000e+00 -2.419354838709677491e+00 1.800000000000000000e+01 8.953125000000000000e+00
0.000000000000000000e+00 -2.333333333333333481e+00 6.333333333333333037e+00 -2.083333333333333037e+00
0.000000000000000000e+00 -2.344982078853046659e+00 1.250000000000000000e+01 3.796875000000000000e+00
0.000000000000000000e+00 -2.329032258064516192e+00 7.750000000000000000e+00 -1.051562499999999289e+00
0.000000000000000000e+00 -2.262411347517730320e+00 1.133333333333333393e+01 2.771874999999999645e+00
0.000000000000000000e+00 -2.248733535967579300e+00 7.714285714285714413e+00 -7.165178571428585386e-01
0.000000000000000000e+00 -2.152067669172932352e+00 5.500000000000000000e+00 -2.637834821428571175e+00
0.000000000000000000e+00 -2.576086956521739246e+00 0.000000000000000000e+00 -9.656250000000000000e+00
1.000000000000000000e+00 -1.419354838709677491e+00 6.500000000000000000e+00 -2.546875000000000000e+00
3.000000000000000000e+00 6.666666666666665186e-01 5.666666666666666963e+00 -2.749999999999999112e+00
2.500000000000000000e+00 1.550179211469533413e-01 4.500000000000000000e+00 -4.203125000000000000e+00
2.399999999999999911e+00 7.096774193548371912e-02 8.199999999999999289e+00 -6.015625000000000000e-01
3.666666666666666519e+00 1.404255319148936199e+00 6.000000000000000000e+00 -2.561458333333334281e+00
3.571428571428571619e+00 1.322695035460992319e+00 4.714285714285714413e+00 -3.716517857142858539e+00
4.000000000000000000e+00 1.847932330827067648e+00 1.075000000000000000e+01 2.612165178571428825e+00
3.000000000000000000e+00 4.239130434782607537e-01 4.000000000000000000e+00 -5.656250000000000000e+00
2.000000000000000000e+00 -4.193548387096774910e-01 3.500000000000000000e+00 -5.546875000000000000e+00
1.666666666666666741e+00 -6.666666666666667407e-01 3.333333333333333481e+00 -5.083333333333332149e+00
1.500000000000000000e+00 -8.449820788530466587e-01 8.000000000000000000e+00 -7.031250000000000000e-01
1.199999999999999956e+00 -1.062411347517730364e+00 4.333333333333333037e+00 -4.228125000000001243e+00
1.166666666666666741e+00 -1.082066869300912559e+00 1.250000000000000000e+01 4.069196428571427049e+00
2.142857142857142794e+00 -9.210526315789557827e-03 6.142857142857143238e+00 -1.994977678571427937e+00
3.750000000000000000e+00 1.583625730994151937e+00 1.075000000000000000e+01 2.569010416666667851e+00
0.000000000000000000e+00 -2.576086956521739246e+00 4.000000000000000000e+00 -5.656250000000000000e+00
0.000000000000000000e+00 -2.419354838709677491e+00 5.500000000000000000e+00 -3.546875000000000000e+00
0.000000000000000000e+00 -2.333333333333333481e+00 1.666666666666666741e+00 -6.749999999999999112e+00
2.500000000000000000e-01 -2.094982078853046659e+00 8.000000000000000000e+00 -7.031250000000000000e-01
4.000000000000000222e-01 -1.929032258064516281e+00 6.000000000000000000e+00 -2.801562499999999289e+00
3.333333333333333148e-01 -1.929078014184397061e+00 4.833333333333333037e+00 -3.728125000000001243e+00
5.714285714285713969e-01 -1.677304964539007903e+00 3.666666666666666519e+00 -4.764136904761906877e+00
5.000000000000000000e-01 -1.652067669172932352e+00 4.625000000000000000e+00 -3.512834821428571175e+00
0.000000000000000000e+00 -2.576086956521739246e+00 1.000000000000000000e+01 3.437500000000000000e-01
0.000000000000000000e+00 -2.419354838709677491e+00 4.500000000000000000e+00 -4.546875000000000000e+00
0.000000000000000000e+00 -2.333333333333333481e+00 5.666666666666666963e+00 -2.749999999999999112e+00
0.000000000000000000e+00 -2.344982078853046659e+00 9.250000000000000000e+00 5.468750000000000000e-01
0.000000000000000000e+00 -2.329032258064516192e+00 8.750000000000000000e+00 -5.156249999999928946e-02
0.000000000000000000e+00 -2.262411347517730320e+00 6.666666666666666963e+00 -1.894791666666667318e+00
0.000000000000000000e+00 -2.248733535967579300e+00 1.042857142857142883e+01 1.997767857142855874e+00
0.000000000000000000e+00 -2.152067669172932352e+00 1.100000000000000000e+01 2.862165178571428825e+00
0.000000000000000000e+00 -2.166374269005848063e+00 9.625000000000000000e+00 1.444010416666667851e+00
5.000000000000000000e+00 2.423913043478260754e+00 5.000000000000000000e+00 -4.656250000000000000e+00
3.000000000000000000e+00 5.806451612903225090e-01 2.500000000000000000e+00 -6.546875000000000000e+00
2.333333333333333481e+00 0.000000000000000000e+00 4.666666666666666963e+00 -3.749999999999999112e+00
1.750000000000000000e+00 -5.949820788530466587e-01 8.250000000000000000e+00 -4.531250000000000000e-01
1.600000000000000089e+00 -7.290322580645161032e-01 5.200000000000000178e+00 -3.601562499999999112e+00
1.500000000000000000e+00 -7.624113475177303201e-01 8.400000000000000355e+00 -1.614583333333339255e-01
2.857142857142857206e+00 6.084093211752779062e-01 7.000000000000000000e+00 -1.430803571428572951e+00
2.500000000000000000e+00 3.479323308270676485e-01 5.625000000000000000e+00 -2.512834821428571175e+00
2.222222222222222321e+00 5.584795321637425758e-02 7.875000000000000000e+00 -3.059895833333321491e-01
0.000000000000000000e+00 -2.576086956521739246e+00 8.000000000000000000e+00 -1.656250000000000000e+00
0.000000000000000000e+00 -2.419354838709677491e+00 1.250000000000000000e+01 3.453125000000000000e+00
3.333333333333333481e+00 1.000000000000000000e+00 8.333333333333333925e+00 -8.333333333333214910e-02
4.250000000000000000e+00 1.905017921146953341e+00 1.750000000000000000e+01 8.796875000000000000e+00
4.400000000000000355e+00 2.070967741935484163e+00 9.400000000000000355e+00 5.984375000000010658e-01
3.666666666666666519e+00 1.417933130699087219e+00 6.285714285714285587e+00 -2.145089285714287364e+00
4.000000000000000000e+00 1.847932330827067648e+00 6.875000000000000000e+00 -1.262834821428571175e+00
3.500000000000000000e+00 1.333625730994151937e+00 5.777777777777777679e+00 -2.403211805555554470e+00
0.000000000000000000e+00 -2.576086956521739246e+00 8.000000000000000000e+00 -1.656250000000000000e+00
0.000000000000000000e+00 -2.419354838709677491e+00 1.250000000000000000e+01 3.453125000000000000e+00
3.333333333333333148e-01 -2.000000000000000000e+00 8.333333333333333925e+00 -8.333333333333214910e-02
2.500000000000000000e-01 -2.094982078853046659e+00 1.750000000000000000e+01 8.796875000000000000e+00
1.000000000000000000e+00 -1.329032258064516192e+00 9.400000000000000355e+00 5.984375000000010658e-01
8.333333333333333703e-01 -1.415400202634245819e+00 6.285714285714285587e+00 -2.145089285714287364e+00
7.142857142857143016e-01 -1.437781954887217939e+00 6.875000000000000000e+00 -1.262834821428571175e+00
6.250000000000000000e-01 -1.541374269005848063e+00 5.777777777777777679e+00 -2.403211805555554470e+00
4.000000000000000000e+00 1.423913043478260754e+00 1.200000000000000000e+01 2.343750000000000000e+00
6.000000000000000000e+00 3.580645161290322509e+00 1.300000000000000000e+01 3.953125000000000000e+00
7.000000000000000000e+00 4.666666666666666075e+00 8.000000000000000000e+00 -4.166666666666660745e-01
9.000000000000000000e+00 6.655017921146953341e+00 6.250000000000000000e+00 -2.453125000000000000e+00
8.599999999999999645e+00 6.270967741935483453e+00 5.599999999999999645e+00 -3.201562499999999645e+00
7.666666666666666963e+00 5.417933130699087663e+00 4.142857142857143238e+00 -4.287946428571429713e+00
7.142857142857143238e+00 4.990789473684211330e+00 5.714285714285714413e+00 -2.423549107142856762e+00
7.750000000000000000e+00 5.583625730994151937e+00 1.177777777777777857e+01 3.596788194444446418e+00
3.000000000000000000e+00 4.239130434782607537e-01 8.000000000000000000e+00 -1.656250000000000000e+00
1.500000000000000000e+00 -9.193548387096774910e-01 5.500000000000000000e+00 -3.546875000000000000e+00
1.000000000000000000e+00 -1.333333333333333481e+00 2.333333333333333481e+00 -6.083333333333332149e+00
2.750000000000000000e+00 4.209677419354838079e-01 8.599999999999999645e+00 -2.015624999999996447e-01
2.799999999999999822e+00 5.375886524822695023e-01 1.050000000000000000e+01 1.938541666666665719e+00
2.333333333333333481e+00 8.459979736575418130e-02 9.714285714285713524e+00 1.283482142857140573e+00
2.285714285714285587e+00 1.336466165413532359e-01 8.571428571428571175e+00 4.335937500000000000e-01
2.250000000000000000e+00 8.362573099415193667e-02 7.500000000000000000e+00 -6.809895833333321491e-01
0.000000000000000000e+00 -2.576086956521739246e+00 6.000000000000000000e+00 -3.656250000000000000e+00
0.000000000000000000e+00 -2.419354838709677491e+00 1.450000000000000000e+01 5.453125000000000000e+00
0.000000000000000000e+00 -2.333333333333333481e+00 5.666666666666666963e+00 -2.749999999999999112e+00
0.000000000000000000e+00 -2.344982078853046659e+00 5.000000000000000000e+00 -3.703125000000000000e+00
2.000000000000000111e-01 -2.129032258064516014e+00 1.150000000000000000e+01 2.698437500000000711e+00
1.666666666666666574e-01 -2.095744680851063801e+00 1.259999999999999964e+01 4.038541666666665364e+00
1.428571428571428492e-01 -2.105876393110436506e+00 9.714285714285713524e+00 1.283482142857140573e+00
1.250000000000000000e-01 -2.027067669172932352e+00 1.125000000000000000e+01 3.112165178571428825e+00
1.111111111111111049e-01 -2.055263157894736903e+00 4.555555555555555358e+00 -3.625434027777776791e+00
7.000000000000000000e+00 4.423913043478260754e+00 9.000000000000000000e+00 -6.562500000000000000e-01
6.000000000000000000e+00 3.580645161290322509e+00 4.500000000000000000e+00 -4.546875000000000000e+00
4.666666666666666963e+00 2.333333333333333481e+00 4.333333333333333037e+00 -4.083333333333333037e+00
3.500000000000000000e+00 1.155017921146953341e+00 4.500000000000000000e+00 -4.203125000000000000e+00
2.799999999999999822e+00 4.709677419354836303e-01 4.599999999999999645e+00 -4.201562499999999645e+00
2.333333333333333481e+00 7.092198581560316129e-02 7.333333333333333037e+00 -1.228125000000001243e+00
2.000000000000000000e+00 -2.487335359675793001e-01 5.714285714285714413e+00 -2.716517857142858539e+00
1.750000000000000000e+00 -4.020676691729323515e-01 8.142857142857142350e+00 5.022321428571174806e-03
1.555555555555555580e+00 -6.108187134502924831e-01 9.111111111111110716e+00 9.301215277777785673e-01
0.000000000000000000e+00 -2.576086956521739246e+00 1.200000000000000000e+01 2.343750000000000000e+00
5.000000000000000000e-01 -1.919354838709677491e+00 1.300000000000000000e+01 3.953125000000000000e+00
3.333333333333333148e-01 -2.000000000000000000e+00 8.000000000000000000e+00 -4.166666666666660745e-01
2.500000000000000000e-01 -2.094982078853046659e+00 6.250000000000000000e+00 -2.453125000000000000e+00
2.000000000000000111e-01 -2.129032258064516014e+00 5.599999999999999645e+00 -3.201562499999999645e+00
1.666666666666666574e-01 -2.082066869300912781e+00 4.142857142857143238e+00 -4.287946428571429713e+00
1.428571428571428492e-01 -2.009210526315789558e+00 5.714285714285714413e+00 -2.423549107142856762e+00
1.250000000000000000e-01 -2.041374269005848063e+00 1.177777777777777857e+01 3.596788194444446418e+00
7.000000000000000000e+00 4.423913043478260754e+00 7.000000000000000000e+00 -2.656250000000000000e+00
4.000000000000000000e+00 1.580645161290322509e+00 6.000000000000000000e+00 -3.046875000000000000e+00
2.666666666666666519e+00 3.333333333333330373e-01 6.666666666666666963e+00 -1.749999999999999112e+00
2.250000000000000000e+00 -9.498207885304665865e-02 6.500000000000000000e+00 -2.203125000000000000e+00
1.800000000000000044e+00 -5.290322580645161477e-01 4.000000000000000000e+00 -4.801562499999999289e+00
2.000000000000000000e+00 -2.624113475177303201e-01 7.000000000000000000e+00 -1.561458333333334281e+00
2.000000000000000000e+00 -2.487335359675793001e-01 4.714285714285714413e+00 -3.716517857142858539e+00
2.000000000000000000e+00 -1.520676691729323515e-01 6.500000000000000000e+00 -1.637834821428571175e+00
0.000000000000000000e+00 -2.576086956521739246e+00 0.000000000000000000e+00 -9.656250000000000000e+00
5.000000000000000000e-01 -1.919354838709677491e+00 6.500000000000000000e+00 -2.546875000000000000e+00
3.333333333333333148e-01 -2.000000000000000000e+00 5.666666666666666963e+00 -2.749999999999999112e+00
2.500000000000000000e-01 -2.094982078853046659e+00 4.500000000000000000e+00 -4.203125000000000000e+00
1.399999999999999911e+00 -9.290322580645162809e-01 8.199999999999999289e+00 -6.015625000000000000e-01
1.166666666666666741e+00 -1.095744680851063579e+00 6.000000000000000000e+00 -2.561458333333334281e+00
1.142857142857142794e+00 -1.105876393110436506e+00 4.714285714285714413e+00 -3.716517857142858539e+00
1.000000000000000000e+00 -1.152067669172932352e+00 1.075000000000000000e+01 2.612165178571428825e+00
8.000000000000000000e+00 5.423913043478260754e+00 1.200000000000000000e+01 2.343750000000000000e+00
5.500000000000000000e+00 3.080645161290322509e+00 1.300000000000000000e+01 3.953125000000000000e+00
4.333333333333333037e+00 1.999999999999999556e+00 8.000000000000000000e+00 -4.166666666666660745e-01
3.250000000000000000e+00 9.050179211469533413e-01 6.250000000000000000e+00 -2.453125000000000000e+00
3.200000000000000178e+00 8.709677419354839856e-01 5.599999999999999645e+00 -3.201562499999999645e+00
2.666666666666666519e+00 4.179331306990872186e-01 4.142857142857143238e+00 -4.287946428571429713e+00
2.428571428571428381e+00 2.765037593984960296e-01 5.714285714285714413e+00 -2.423549107142856762e+00
3.125000000000000000e+00 9.586257309941519367e-01 1.177777777777777857e+01 3.596788194444446418e+00
0.000000000000000000e+00 -2.576086956521739246e+00 4.000000000000000000e+00 -5.656250000000000000e+00
0.000000000000000000e+00 -2.419354838709677491e+00 5.000000000000000000e+00 -4.046875000000000000e+00
0.000000000000000000e+00 -2.333333333333333481e+00 9.000000000000000000e+00 5.833333333333339255e-01
0.000000000000000000e+00 -2.329032258064516192e+00 1.000000000000000000e+01 1.198437500000000711e+00
0.000000000000000000e+00 -2.262411347517730320e+00 1.183333333333333393e+01 3.271874999999999645e+00
0.000000000000000000e+00 -2.248733535967579300e+00 5.833333333333333037e+00 -2.597470238095239914e+00
0.000000000000000000e+00 -2.152067669172932352e+00 4.750000000000000000e+00 -3.387834821428571175e+00
0.000000000000000000e+00 -2.166374269005848063e+00 7.625000000000000000e+00 -5.559895833333321491e-01
4.000000000000000000e+00 1.423913043478260754e+00 1.800000000000000000e+01 8.343750000000000000e+00
3.000000000000000000e+00 5.806451612903225090e-01 6.000000000000000000e+00 -3.046875000000000000e+00
2.333333333333333481e+00 0.000000000000000000e+00 7.333333333333333037e+00 -1.083333333333333037e+00
1.750000000000000000e+00 -5.949820788530466587e-01 4.500000000000000000e+00 -4.203125000000000000e+00
1.399999999999999911e+00 -9.290322580645162809e-01 4.599999999999999645e+00 -4.201562499999999645e+00
1.166666666666666741e+00 -1.095744680851063579e+00 4.166666666666666963e+00 -4.394791666666667318e+00
1.000000000000000000e+00 -1.248733535967579300e+00 7.166666666666666963e+00 -1.264136904761905988e+00
8.750000000000000000e-01 -1.277067669172932352e+00 8.250000000000000000e+00 1.121651785714288252e-01
0.000000000000000000e+00 -2.576086956521739246e+00 1.100000000000000000e+01 1.343750000000000000e+00
0.000000000000000000e+00 -2.419354838709677491e+00 1.800000000000000000e+01 8.953125000000000000e+00
0.000000000000000000e+00 -2.333333333333333481e+00 6.333333333333333037e+00 -2.083333333333333037e+00
0.000000000000000000e+00 -2.344982078853046659e+00 1.250000000000000000e+01 3.796875000000000000e+00
0.000000000000000000e+00 -2.329032258064516192e+00 7.750000000000000000e+00 -1.051562499999999289e+00
0.000000000000000000e+00 -2.262411347517730320e+00 1.133333333333333393e+01 2.771874999999999645e+00
0.000000000000000000e+00 -2.248733535967579300e+00 7.714285714285714413e+00 -7.165178571428585386e-01
0.000000000000000000e+00 -2.152067669172932352e+00 5.500000000000000000e+00 -2.637834821428571175e+00
8.000000000000000000e+00 5.423913043478260754e+00 1.500000000000000000e+01 5.343750000000000000e+00
1.750000000000000000e+01 1.508064516129032206e+01 1.450000000000000000e+01 5.453125000000000000e+00
1.166666666666666607e+01 9.333333333333332149e+00 9.000000000000000000e+00 5.833333333333339255e-01
9.500000000000000000e+00 7.155017921146953341e+00 1.325000000000000000e+01 4.546875000000000000e+00
1.119999999999999929e+01 8.870967741935483986e+00 1.000000000000000000e+01 1.198437500000000711e+00
1.066666666666666607e+01 8.404255319148935754e+00 8.199999999999999289e+00 -3.614583333333349913e-01
1.085714285714285765e+01 8.608409321175278350e+00 9.333333333333333925e+00 9.025297619047609743e-01
1.162500000000000000e+01 9.472932330827067204e+00 8.714285714285713524e+00 5.764508928571423496e-01
1.055555555555555536e+01 8.389181286549707295e+00 5.875000000000000000e+00 -2.305989583333332149e+00
8.000000000000000000e+00 5.423913043478260754e+00 8.000000000000000000e+00 -1.656250000000000000e+00
1.550000000000000000e+01 1.308064516129032206e+01 1.250000000000000000e+01 3.453125000000000000e+00
1.200000000000000000e+01 9.666666666666666075e+00 8.333333333333333925e+00 -8.333333333333214910e-02
1.200000000000000000e+01 9.655017921146953341e+00 1.750000000000000000e+01 8.796875000000000000e+00
1.019999999999999929e+01 7.870967741935483097e+00 9.400000000000000355e+00 5.984375000000010658e-01
8.500000000000000000e+00 6.251266464032420700e+00 6.285714285714285587e+00 -2.145089285714287364e+00
8.857142857142857650e+00 6.705075187969924855e+00 6.875000000000000000e+00 -1.262834821428571175e+00
9.500000000000000000e+00 7.333625730994151937e+00 5.777777777777777679e+00 -2.403211805555554470e+00
1.000000000000000000e+00 -1.576086956521739246e+00 1.000000000000000000e+00 -8.656250000000000000e+00
2.000000000000000000e+00 -4.193548387096774910e-01 7.500000000000000000e+00 -1.546875000000000000e+00
2.666666666666666519e+00 3.333333333333330373e-01 5.333333333333333037e+00 -3.083333333333333037e+00
3.500000000000000000e+00 1.155017921146953341e+00 4.750000000000000000e+00 -3.953125000000000000e+00
3.799999999999999822e+00 1.470967741935483630e+00 4.599999999999999645e+00 -4.201562499999999645e+00
4.500000000000000000e+00 2.237588652482269680e+00 1.200000000000000000e+01 3.438541666666665719e+00
4.142857142857143238e+00 1.894123606889563938e+00 8.857142857142857650e+00 4.263392857142846992e-01
5.250000000000000000e+00 3.097932330827067648e+00 8.375000000000000000e+00 2.371651785714288252e-01
5.333333333333333037e+00 3.166959064327484974e+00 1.062500000000000000e+01 2.444010416666667851e+00
0.000000000000000000e+00 -2.576086956521739246e+00 6.000000000000000000e+00 -3.656250000000000000e+00
0.000000000000000000e+00 -2.419354838709677491e+00 1.000000000000000000e+01 9.531250000000000000e-01
0.000000000000000000e+00 -2.333333333333333481e+00 1.700000000000000000e+01 8.583333333333333925e+00
0.000000000000000000e+00 -2.329032258064516192e+00 4.799999999999999822e+00 -4.001562499999999467e+00
0.000000000000000000e+00 -2.262411347517730320e+00 7.166666666666666963e+00 -1.394791666666667318e+00
0.000000000000000000e+00 -2.248733535967579300e+00 1.150000000000000000e+01 3.069196428571427049e+00
0.000000000000000000e+00 -2.152067669172932352e+00 9.000000000000000000e+00 8.621651785714288252e-01
0.000000000000000000e+00 -2.166374269005848063e+00 5.750000000000000000e+00 -2.430989583333332149e+00
0.000000000000000000e+00 -2.576086956521739246e+00 1.000000000000000000e+01 3.437500000000000000e-01
0.000000000000000000e+00 -2.419354838709677491e+00 4.500000000000000000e+00 -4.546875000000000000e+00
0.000000000000000000e+00 -2.333333333333333481e+00 5.666666666666666963e+00 -2.749999999999999112e+00
0.000000000000000000e+00 -2.344982078853046659e+00 9.250000000000000000e+00 5.468750000000000000e-01
0.000000000000000000e+00 -2.329032258064516192e+00 8.750000000000000000e+00 -5.156249999999928946e-02
1.666666666666666574e-01 -2.095744680851063801e+00 6.666666666666666963e+00 -1.894791666666667318e+00
1.428571428571428492e-01 -2.105876393110436506e+00 1.042857142857142883e+01 1.997767857142855874e+00
1.250000000000000000e-01 -2.027067669172932352e+00 1.100000000000000000e+01 2.862165178571428825e+00
1.111111111111111049e-01 -2.055263157894736903e+00 9.625000000000000000e+00 1.444010416666667851e+00
0.000000000000000000e+00 -2.576086956521739246e+00 4.000000000000000000e+00 -5.656250000000000000e+00
0.000000000000000000e+00 -2.419354838709677491e+00 3.500000000000000000e+00 -5.546875000000000000e+00
0.000000000000000000e+00 -2.333333333333333481e+00 3.333333333333333481e+00 -5.083333333333332149e+00
2.500000000000000000e-01 -2.094982078853046659e+00 8.000000000000000000e+00 -7.031250000000000000e-01
2.000000000000000111e-01 -2.062411347517730142e+00 4.333333333333333037e+00 -4.228125000000001243e+00
1.666666666666666574e-01 -2.082066869300912781e+00 1.250000000000000000e+01 4.069196428571427049e+00
1.428571428571428492e-01 -2.009210526315789558e+00 6.142857142857143238e+00 -1.994977678571427937e+00
1.250000000000000000e-01 -2.041374269005848063e+00 1.075000000000000000e+01 2.569010416666667851e+00
0.000000000000000000e+00 -2.576086956521739246e+00 1.400000000000000000e+01 4.343750000000000000e+00
0.000000000000000000e+00 -2.419354838709677491e+00 9.000000000000000000e+00 -4.687500000000000000e-02
0.000000000000000000e+00 -2.333333333333333481e+00 1.233333333333333393e+01 3.916666666666667851e+00
0.000000000000000000e+00 -2.344982078853046659e+00 2.500000000000000000e+00 -6.203125000000000000e+00
2.000000000000000111e-01 -2.129032258064516014e+00 7.799999999999999822e+00 -1.001562499999999467e+00
1.666666666666666574e-01 -2.095744680851063801e+00 9.599999999999999645e+00 1.038541666666665364e+00
1.428571428571428492e-01 -2.105876393110436506e+00 5.428571428571428825e+00 -3.002232142857144126e+00
2.500000000000000000e-01 -1.902067669172932352e+00 1.014285714285714235e+01 2.005022321428571175e+00
2.222222222222222099e-01 -1.944152046783625742e+00 3.875000000000000000e+00 -4.305989583333332149e+00
1.000000000000000000e+00 -1.576086956521739246e+00 1.400000000000000000e+01 4.343750000000000000e+00
5.000000000000000000e-01 -1.919354838709677491e+00 1.800000000000000000e+01 8.953125000000000000e+00
3.333333333333333148e-01 -2.000000000000000000e+00 5.000000000000000000e+00 -3.416666666666666075e+00
2.500000000000000000e-01 -2.094982078853046659e+00 4.500000000000000000e+00 -4.203125000000000000e+00
4.000000000000000222e-01 -1.929032258064516281e+00 5.000000000000000000e+00 -3.801562499999999289e+00
1.000000000000000000e+00 -1.262411347517730320e+00 7.000000000000000000e+00 -1.561458333333334281e+00
8.571428571428570953e-01 -1.294924812030075145e+00 1.128571428571428648e+01 3.147879464285715301e+00
7.500000000000000000e-01 -1.416374269005848063e+00 4.888888888888889284e+00 -3.292100694444442865e+00
1.000000000000000000e+00 -1.576086956521739246e+00 1.800000000000000000e+01 8.343750000000000000e+00
5.000000000000000000e-01 -1.919354838709677491e+00 6.000000000000000000e+00 -3.046875000000000000e+00
3.333333333333333148e-01 -2.000000000000000000e+00 7.333333333333333037e+00 -1.083333333333333037e+00
2.500000000000000000e-01 -2.094982078853046659e+00 4.500000000000000000e+00 -4.203125000000000000e+00
5.999999999999999778e-01 -1.729032258064516103e+00 4.599999999999999645e+00 -4.201562499999999645e+00
5.000000000000000000e-01 -1.762411347517730320e+00 4.166666666666666963e+00 -4.394791666666667318e+00
2.857142857142856984e-01 -1.963019250253293713e+00 7.166666666666666963e+00 -1.264136904761905988e+00
5.000000000000000000e-01 -1.652067669172932352e+00 8.250000000000000000e+00 1.121651785714288252e-01
0.000000000000000000e+00 -2.576086956521739246e+00 1.100000000000000000e+01 1.343750000000000000e+00
0.000000000000000000e+00 -2.419354838709677491e+00 1.250000000000000000e+01 3.453125000000000000e+00
0.000000000000000000e+00 -2.333333333333333481e+00 8.666666666666666075e+00 2.500000000000000000e-01
0.000000000000000000e+00 -2.344982078853046659e+00 5.000000000000000000e+00 -3.703125000000000000e+00
0.000000000000000000e+00 -2.329032258064516192e+00 1.140000000000000036e+01 2.598437500000001066e+00
1.666666666666666574e-01 -2.095744680851063801e+00 8.500000000000000000e+00 -6.145833333333428072e-02
2.857142857142856984e-01 -1.963019250253293713e+00 5.285714285714285587e+00 -3.145089285714287364e+00
5.000000000000000000e-01 -1.652067669172932352e+00 9.857142857142857650e+00 1.719308035714286476e+00
1.111111111111111160e+00 -1.055263157894736903e+00 9.333333333333333925e+00 1.152343750000001776e+00
4.000000000000000000e+00 1.423913043478260754e+00 4.000000000000000000e+00 -5.656250000000000000e+00
3.000000000000000000e+00 5.806451612903225090e-01 5.500000000000000000e+00 -3.546875000000000000e+00
2.000000000000000000e+00 -3.333333333333334814e-01 1.666666666666666741e+00 -6.749999999999999112e+00
1.500000000000000000e+00 -8.449820788530466587e-01 8.000000000000000000e+00 -7.031250000000000000e-01
1.199999999999999956e+00 -1.129032258064516236e+00 6.000000000000000000e+00 -2.801562499999999289e+00
1.000000000000000000e+00 -1.262411347517730320e+00 4.833333333333333037e+00 -3.728125000000001243e+00
8.571428571428570953e-01 -1.391590678824722094e+00 3.666666666666666519e+00 -4.764136904761906877e+00
7.500000000000000000e-01 -1.402067669172932352e+00 4.625000000000000000e+00 -3.512834821428571175e+00
5.000000000000000000e+00 2.423913043478260754e+00 6.000000000000000000e+00 -3.656250000000000000e+00
4.500000000000000000e+00 2.080645161290322509e+00 1.000000000000000000e+01 9.531250000000000000e-01
5.333333333333333037e+00 2.999999999999999556e+00 1.700000000000000000e+01 8.583333333333333925e+00
5.000000000000000000e+00 2.670967741935483808e+00 4.799999999999999822e+00 -4.001562499999999467e+00
5.400000000000000355e+00 3.137588652482270035e+00 7.166666666666666963e+00 -1.394791666666667318e+00
4.833333333333333037e+00 2.584599797365753737e+00 1.150000000000000000e+01 3.069196428571427049e+00
4.285714285714285587e+00 2.133646616541353236e+00 9.000000000000000000e+00 8.621651785714288252e-01
3.875000000000000000e+00 1.708625730994151937e+00 5.750000000000000000e+00 -2.430989583333332149e+00
0.000000000000000000e+00 -2.576086956521739246e+00 2.000000000000000000e+00 -7.656250000000000000e+00
0.000000000000000000e+00 -2.419354838709677491e+00 1.050000000000000000e+01 1.453125000000000000e+00
0.000000000000000000e+00 -2.333333333333333481e+00 9.333333333333333925e+00 9.166666666666678509e-01
0.000000000000000000e+00 -2.344982078853046659e+00 6.750000000000000000e+00 -1.953125000000000000e+00
0.000000000000000000e+00 -2.262411347517730320e+00 4.333333333333333037e+00 -4.228125000000001243e+00
0.000000000000000000e+00 -2.248733535967579300e+00 8.000000000000000000e+00 -4.308035714285729512e-01
0.000000000000000000e+00 -2.152067669172932352e+00 9.125000000000000000e+00 9.871651785714288252e-01
1.250000000000000000e-01 -2.041374269005848063e+00 4.888888888888889284e+00 -3.292100694444442865e+00
0.000000000000000000e+00 -2.576086956521739246e+00 6.000000000000000000e+00 -3.656250000000000000e+00
0.000000000000000000e+00 -2.419354838709677491e+00 1.000000000000000000e+01 9.531250000000000000e-01
0.000000000000000000e+00 -2.333333333333333481e+00 1.700000000000000000e+01 8.583333333333333925e+00
0.000000000000000000e+00 -2.329032258064516192e+00 4.799999999999999822e+00 -4.001562499999999467e+00
0.000000000000000000e+00 -2.262411347517730320e+00 7.166666666666666963e+00 -1.394791666666667318e+00
0.000000000000000000e+00 -2.248733535967579300e+00 1.150000000000000000e+01 3.069196428571427049e+00
0.000000000000000000e+00 -2.152067669172932352e+00 9.000000000000000000e+00 8.621651785714288252e-01
0.000000000000000000e+00 -2.166374269005848063e+00 5.750000000000000000e+00 -2.430989583333332149e+00
0.000000000000000000e+00 -2.576086956521739246e+00 1.600000000000000000e+01 6.343750000000000000e+00
0.000000000000000000e+00 -2.419354838709677491e+00 3.500000000000000000e+00 -5.546875000000000000e+00
0.000000000000000000e+00 -2.333333333333333481e+00 1.100000000000000000e+01 2.583333333333333925e+00
0.000000000000000000e+00 -2.344982078853046659e+00 4.500000000000000000e+00 -4.203125000000000000e+00
0.000000000000000000e+00 -2.329032258064516192e+00 7.599999999999999645e+00 -1.201562499999999645e+00
0.000000000000000000e+00 -2.262411347517730320e+00 4.599999999999999645e+00 -3.961458333333334636e+00
0.000000000000000000e+00 -2.248733535967579300e+00 7.333333333333333037e+00 -1.097470238095239914e+00
0.000000000000000000e+00 -2.166374269005848063e+00 5.125000000000000000e+00 -3.055989583333332149e+00
0.000000000000000000e+00 -2.576086956521739246e+00 4.000000000000000000e+00 -5.656250000000000000e+00
0.000000000000000000e+00 -2.419354838709677491e+00 3.500000000000000000e+00 -5.546875000000000000e+00
0.000000000000000000e+00 -2.333333333333333481e+00 3.333333333333333481e+00 -5.083333333333332149e+00
0.000000000000000000e+00 -2.344982078853046659e+00 8.000000000000000000e+00 -7.031250000000000000e-01
0.000000000000000000e+00 -2.262411347517730320e+00 4.333333333333333037e+00 -4.228125000000001243e+00
0.000000000000000000e+00 -2.248733535967579300e+00 1.250000000000000000e+01 4.069196428571427049e+00
0.000000000000000000e+00 -2.152067669172932352e+00 6.142857142857143238e+00 -1.994977678571427937e+00
0.000000000000000000e+00 -2.166374269005848063e+00 1.075000000000000000e+01 2.569010416666667851e+00
4.000000000000000000e+00 1.423913043478260754e+00 8.000000000000000000e+00 -1.656250000000000000e+00
2.000000000000000000e+00 -4.193548387096774910e-01 5.500000000000000000e+00 -3.546875000000000000e+00
2.000000000000000000e+00 -3.333333333333334814e-01 2.333333333333333481e+00 -6.083333333333332149e+00
2.250000000000000000e+00 -7.903225806451619206e-02 8.599999999999999645e+00 -2.015624999999996447e-01
5.000000000000000000e+00 2.737588652482269680e+00 1.050000000000000000e+01 1.938541666666665719e+00
4.166666666666666963e+00 1.917933130699087663e+00 9.714285714285713524e+00 1.283482142857140573e+00
4.142857142857143238e+00 1.990789473684210886e+00 8.571428571428571175e+00 4.335937500000000000e-01
3.625000000000000000e+00 1.458625730994151937e+00 7.500000000000000000e+00 -6.809895833333321491e-01
0.000000000000000000e+00 -2.576086956521739246e+00 1.400000000000000000e+01 4.343750000000000000e+00
0.000000000000000000e+00 -2.419354838709677491e+00 9.000000000000000000e+00 -4.687500000000000000e-02
0.000000000000000000e+00 -2.333333333333333481e+00 1.233333333333333393e+01 3.916666666666667851e+00
0.000000000000000000e+00 -2.344982078853046659e+00 2.500000000000000000e+00 -6.203125000000000000e+00
0.000000000000000000e+00 -2.329032258064516192e+00 7.799999999999999822e+00 -1.001562499999999467e+00
1.666666666666666574e-01 -2.095744680851063801e+00 9.599999999999999645e+00 1.038541666666665364e+00
4.285714285714285476e-01 -1.820162107396150697e+00 5.428571428571428825e+00 -3.002232142857144126e+00
3.750000000000000000e-01 -1.777067669172932352e+00 1.014285714285714235e+01 2.005022321428571175e+00
3.333333333333333148e-01 -1.833040935672514804e+00 3.875000000000000000e+00 -4.305989583333332149e+00
0.000000000000000000e+00 -2.576086956521739246e+00 6.000000000000000000e+00 -3.656250000000000000e+00
0.000000000000000000e+00 -2.419354838709677491e+00 1.450000000000000000e+01 5.453125000000000000e+00
0.000000000000000000e+00 -2.333333333333333481e+00 5.666666666666666963e+00 -2.749999999999999112e+00
0.000000000000000000e+00 -2.344982078853046659e+00 5.000000000000000000e+00 -3.703125000000000000e+00
0.000000000000000000e+00 -2.329032258064516192e+00 1.150000000000000000e+01 2.698437500000000711e+00
1.500000000000000000e+00 -7.624113475177303201e-01 1.259999999999999964e+01 4.038541666666665364e+00
2.000000000000000000e+00 -2.487335359675793001e-01 9.714285714285713524e+00 1.283482142857140573e+00
2.250000000000000000e+00 9.793233082706764847e-02 1.125000000000000000e+01 3.112165178571428825e+00
2.111111111111111160e+00 -5.526315789473690288e-02 4.555555555555555358e+00 -3.625434027777776791e+00
0.000000000000000000e+00 -2.576086956521739246e+00 4.000000000000000000e+00 -5.656250000000000000e+00
0.000000000000000000e+00 -2.419354838709677491e+00 5.000000000000000000e+00 -4.046875000000000000e+00
0.000000000000000000e+00 -2.333333333333333481e+00 5.000000000000000000e+00 -3.416666666666666075e+00
0.000000000000000000e+00 -2.329032258064516192e+00 5.200000000000000178e+00 -3.601562499999999112e+00
0.000000000000000000e+00 -2.262411347517730320e+00 4.833333333333333037e+00 -3.728125000000001243e+00
0.000000000000000000e+00 -2.248733535967579300e+00 8.714285714285713524e+00 2.834821428571405733e-01
0.000000000000000000e+00 -2.152067669172932352e+00 4.500000000000000000e+00 -3.637834821428571175e+00
0.000000000000000000e+00 -2.166374269005848063e+00 8.444444444444444642e+00 2.634548611111124927e-01
0.000000000000000000e+00 -2.576086956521739246e+00 8.000000000000000000e+00 -1.656250000000000000e+00
0.000000000000000000e+00 -2.419354838709677491e+00 5.000000000000000000e+00 -4.046875000000000000e+00
0.000000000000000000e+00 -2.333333333333333481e+00 5.333333333333333037e+00 -3.083333333333333037e+00
0.000000000000000000e+00 -2.329032258064516192e+00 7.250000000000000000e+00 -1.551562499999999289e+00
0.000000000000000000e+00 -2.262411347517730320e+00 8.833333333333333925e+00 2.718749999999996447e-01
0.000000000000000000e+00 -2.248733535967579300e+00 9.000000000000000000e+00 5.691964285714270488e-01
0.000000000000000000e+00 -2.152067669172932352e+00 4.142857142857143238e+00 -3.994977678571427937e+00
0.000000000000000000e+00 -2.166374269005848063e+00 1.077777777777777857e+01 2.596788194444446418e+00
2.000000000000000000e+00 -5.760869565217392463e-01 2.000000000000000000e+00 -7.656250000000000000e+00
2.500000000000000000e+00 8.064516129032250902e-02 1.050000000000000000e+01 1.453125000000000000e+00
2.333333333333333481e+00 0.000000000000000000e+00 9.333333333333333925e+00 9.166666666666678509e-01
2.500000000000000000e+00 1.550179211469533413e-01 6.750000000000000000e+00 -1.953125000000000000e+00
2.600000000000000089e+00 3.375886524822697687e-01 4.333333333333333037e+00 -4.228125000000001243e+00
4.000000000000000000e+00 1.751266464032420700e+00 8.000000000000000000e+00 -4.308035714285729512e-01
3.428571428571428381e+00 1.276503759398496030e+00 9.125000000000000000e+00 9.871651785714288252e-01
4.500000000000000000e+00 2.333625730994151937e+00 4.888888888888889284e+00 -3.292100694444442865e+00
0.000000000000000000e+00 -2.576086956521739246e+00 3.000000000000000000e+00 -6.656250000000000000e+00
0.000000000000000000e+00 -2.419354838709677491e+00 6.500000000000000000e+00 -2.546875000000000000e+00
0.000000000000000000e+00 -2.333333333333333481e+00 1.200000000000000000e+01 3.583333333333333925e+00
0.000000000000000000e+00 -2.344982078853046659e+00 6.000000000000000000e+00 -2.703125000000000000e+00
0.000000000000000000e+00 -2.329032258064516192e+00 8.800000000000000711e+00 -1.562499999998578915e-03
0.000000000000000000e+00 -2.262411347517730320e+00 9.666666666666666075e+00 1.105208333333331794e+00
0.000000000000000000e+00 -2.248733535967579300e+00 5.833333333333333037e+00 -2.597470238095239914e+00
0.000000000000000000e+00 -2.152067669172932352e+00 6.428571428571428825e+00 -1.709263392857142350e+00
0.000000000000000000e+00 -2.166374269005848063e+00 8.625000000000000000e+00 4.440104166666678509e-01
0.000000000000000000e+00 -2.576086956521739246e+00 2.000000000000000000e+00 -7.656250000000000000e+00
0.000000000000000000e+00 -2.419354838709677491e+00 2.000000000000000000e+00 -7.046875000000000000e+00
0.000000000000000000e+00 -2.333333333333333481e+00 9.333333333333333925e+00 9.166666666666678509e-01
1.250000000000000000e+00 -1.094982078853046659e+00 4.750000000000000000e+00 -3.953125000000000000e+00
1.000000000000000000e+00 -1.329032258064516192e+00 5.400000000000000355e+00 -3.401562499999998934e+00
8.333333333333333703e-01 -1.429078014184396839e+00 7.799999999999999822e+00 -7.614583333333344584e-01
7.142857142857143016e-01 -1.534447821681864887e+00 4.142857142857143238e+00 -4.287946428571429713e+00
1.250000000000000000e+00 -9.020676691729323515e-01 4.000000000000000000e+00 -4.137834821428571175e+00
0.000000000000000000e+00 -2.576086956521739246e+00 2.000000000000000000e+00 -7.656250000000000000e+00
0.000000000000000000e+00 -2.419354838709677491e+00 2.000000000000000000e+00 -7.046875000000000000e+00
0.000000000000000000e+00 -2.333333333333333481e+00 9.333333333333333925e+00 9.166666666666678509e-01
0.000000000000000000e+00 -2.344982078853046659e+00 4.750000000000000000e+00 -3.953125000000000000e+00
0.000000000000000000e+00 -2.329032258064516192e+00 5.400000000000000355e+00 -3.401562499999998934e+00
0.000000000000000000e+00 -2.262411347517730320e+00 7.799999999999999822e+00 -7.614583333333344584e-01
0.000000000000000000e+00 -2.248733535967579300e+00 4.142857142857143238e+00 -4.287946428571429713e+00
0.000000000000000000e+00 -2.152067669172932352e+00 4.000000000000000000e+00 -4.137834821428571175e+00
0.000000000000000000e+00 -2.576086956521739246e+00 4.000000000000000000e+00 -5.656250000000000000e+00
0.000000000000000000e+00 -2.419354838709677491e+00 5.000000000000000000e+00 -4.046875000000000000e+00
0.000000000000000000e+00 -2.333333333333333481e+00 9.000000000000000000e+00 5.833333333333339255e-01
0.000000000000000000e+00 -2.329032258064516192e+00 1.000000000000000000e+01 1.198437500000000711e+00
0.000000000000000000e+00 -2.262411347517730320e+00 1.183333333333333393e+01 3.271874999999999645e+00
0.000000000000000000e+00 -2.248733535967579300e+00 5.833333333333333037e+00 -2.597470238095239914e+00
0.000000000000000000e+00 -2.152067669172932352e+00 4.750000000000000000e+00 -3.387834821428571175e+00
0.000000000000000000e+00 -2.166374269005848063e+00 7.625000000000000000e+00 -5.559895833333321491e-01
1.400000000000000000e+01 1.142391304347826164e+01 1.400000000000000000e+01 4.343750000000000000e+00
1.050000000000000000e+01 8.080645161290322065e+00 9.000000000000000000e+00 -4.687500000000000000e-02
1.100000000000000000e+01 8.666666666666666075e+00 1.233333333333333393e+01 3.916666666666667851e+00
9.000000000000000000e+00 6.655017921146953341e+00 2.500000000000000000e+00 -6.203125000000000000e+00
1.100000000000000000e+01 8.670967741935484696e+00 7.799999999999999822e+00 -1.001562499999999467e+00
1.116666666666666607e+01 8.904255319148935754e+00 9.599999999999999645e+00 1.038541666666665364e+00
1.100000000000000000e+01 8.751266464032420700e+00 5.428571428571428825e+00 -3.002232142857144126e+00
9.750000000000000000e+00 7.597932330827067204e+00 1.014285714285714235e+01 2.005022321428571175e+00
9.000000000000000000e+00 6.833625730994151937e+00 3.875000000000000000e+00 -4.305989583333332149e+00
0.000000000000000000e+00 -2.576086956521739246e+00 0.000000000000000000e+00 -9.656250000000000000e+00
0.000000000000000000e+00 -2.419354838709677491e+00 3.500000000000000000e+00 -5.546875000000000000e+00
0.000000000000000000e+00 -2.333333333333333481e+00 4.666666666666666963e+00 -3.749999999999999112e+00
0.000000000000000000e+00 -2.344982078853046659e+00 7.250000000000000000e+00 -1.453125000000000000e+00
0.000000000000000000e+00 -2.329032258064516192e+00 1.400000000000000000e+01 5.198437500000000711e+00
0.000000000000000000e+00 -2.262411347517730320e+00 9.500000000000000000e+00 9.385416666666657193e-01
0.000000000000000000e+00 -2.248733535967579300e+00 9.285714285714286476e+00 8.549107142857135244e-01
0.000000000000000000e+00 -2.152067669172932352e+00 8.500000000000000000e+00 3.621651785714288252e-01
0.000000000000000000e+00 -2.166374269005848063e+00 3.625000000000000000e+00 -4.555989583333332149e+00
2.000000000000000000e+00 -5.760869565217392463e-01 2.000000000000000000e+00 -7.656250000000000000e+00
1.000000000000000000e+00 -1.419354838709677491e+00 2.000000000000000000e+00 -7.046875000000000000e+00
4.000000000000000000e+00 1.666666666666666519e+00 9.333333333333333925e+00 9.166666666666678509e-01
3.000000000000000000e+00 6.550179211469533413e-01 4.750000000000000000e+00 -3.953125000000000000e+00
2.600000000000000089e+00 2.709677419354838968e-01 5.400000000000000355e+00 -3.401562499999998934e+00
3.333333333333333481e+00 1.070921985815603161e+00 7.799999999999999822e+00 -7.614583333333344584e-01
2.857142857142857206e+00 6.084093211752779062e-01 4.142857142857143238e+00 -4.287946428571429713e+00
2.625000000000000000e+00 4.729323308270676485e-01 4.000000000000000000e+00 -4.137834821428571175e+00
0.000000000000000000e+00 -2.576086956521739246e+00 2.000000000000000000e+00 -7.656250000000000000e+00
0.000000000000000000e+00 -2.419354838709677491e+00 2.500000000000000000e+00 -6.546875000000000000e+00
0.000000000000000000e+00 -2.333333333333333481e+00 5.333333333333333037e+00 -3.083333333333333037e+00
0.000000000000000000e+00 -2.344982078853046659e+00 8.750000000000000000e+00 4.687500000000000000e-02
1.199999999999999956e+00 -1.129032258064516236e+00 1.259999999999999964e+01 3.798437500000000355e+00
1.000000000000000000e+00 -1.262411347517730320e+00 6.400000000000000355e+00 -2.161458333333333925e+00
8.571428571428570953e-01 -1.391590678824722094e+00 5.000000000000000000e+00 -3.430803571428572951e+00
7.500000000000000000e-01 -1.402067669172932352e+00 9.750000000000000000e+00 1.612165178571428825e+00
6.666666666666666297e-01 -1.499707602339181545e+00 5.333333333333333037e+00 -2.847656249999999112e+00
0.000000000000000000e+00 -2.576086956521739246e+00 1.600000000000000000e+01 6.343750000000000000e+00
0.000000000000000000e+00 -2.419354838709677491e+00 3.500000000000000000e+00 -5.546875000000000000e+00
0.000000000000000000e+00 -2.333333333333333481e+00 1.100000000000000000e+01 2.583333333333333925e+00
0.000000000000000000e+00 -2.344982078853046659e+00 4.500000000000000000e+00 -4.203125000000000000e+00
0.000000000000000000e+00 -2.329032258064516192e+00 7.599999999999999645e+00 -1.201562499999999645e+00
0.000000000000000000e+00 -2.262411347517730320e+00 4.599999999999999645e+00 -3.961458333333334636e+00
0.000000000000000000e+00 -2.248733535967579300e+00 7.333333333333333037e+00 -1.097470238095239914e+00
0.000000000000000000e+00 -2.166374269005848063e+00 5.125000000000000000e+00 -3.055989583333332149e+00
1.000000000000000000e+00 -1.576086956521739246e+00 8.000000000000000000e+00 -1.656250000000000000e+00
2.500000000000000000e+00 8.064516129032250902e-02 5.500000000000000000e+00 -3.546875000000000000e+00
1.666666666666666741e+00 -6.666666666666667407e-01 2.333333333333333481e+00 -6.083333333333332149e+00
1.250000000000000000e+00 -1.079032258064516192e+00 8.599999999999999645e+00 -2.015624999999996447e-01
1.000000000000000000e+00 -1.262411347517730320e+00 1.050000000000000000e+01 1.938541666666665719e+00
8.333333333333333703e-01 -1.415400202634245819e+00 9.714285714285713524e+00 1.283482142857140573e+00
7.142857142857143016e-01 -1.437781954887217939e+00 8.571428571428571175e+00 4.335937500000000000e-01
7.500000000000000000e-01 -1.416374269005848063e+00 7.500000000000000000e+00 -6.809895833333321491e-01
2.000000000000000000e+00 -5.760869565217392463e-01 1.500000000000000000e+01 5.343750000000000000e+00
1.000000000000000000e+00 -1.419354838709677491e+00 1.450000000000000000e+01 5.453125000000000000e+00
2.666666666666666519e+00 3.333333333333330373e-01 9.000000000000000000e+00 5.833333333333339255e-01
2.000000000000000000e+00 -3.449820788530466587e-01 1.325000000000000000e+01 4.546875000000000000e+00
1.600000000000000089e+00 -7.290322580645161032e-01 1.000000000000000000e+01 1.198437500000000711e+00
2.333333333333333481e+00 7.092198581560316129e-02 8.199999999999999289e+00 -3.614583333333349913e-01
2.000000000000000000e+00 -2.487335359675793001e-01 9.333333333333333925e+00 9.025297619047609743e-01
1.750000000000000000e+00 -4.020676691729323515e-01 8.714285714285713524e+00 5.764508928571423496e-01
1.555555555555555580e+00 -6.108187134502924831e-01 5.875000000000000000e+00 -2.305989583333332149e+00
0.000000000000000000e+00 -2.576086956521739246e+00 1.000000000000000000e+00 -8.656250000000000000e+00
0.000000000000000000e+00 -2.419354838709677491e+00 7.500000000000000000e+00 -1.546875000000000000e+00
0.000000000000000000e+00 -2.333333333333333481e+00 5.333333333333333037e+00 -3.083333333333333037e+00
0.000000000000000000e+00 -2.344982078853046659e+00 4.750000000000000000e+00 -3.953125000000000000e+00
0.000000000000000000e+00 -2.329032258064516192e+00 4.599999999999999645e+00 -4.201562499999999645e+00
0.000000000000000000e+00 -2.262411347517730320e+00 1.200000000000000000e+01 3.438541666666665719e+00
0.000000000000000000e+00 -2.248733535967579300e+00 8.857142857142857650e+00 4.263392857142846992e-01
0.000000000000000000e+00 -2.152067669172932352e+00 8.375000000000000000e+00 2.371651785714288252e-01
0.000000000000000000e+00 -2.166374269005848063e+00 1.062500000000000000e+01 2.444010416666667851e+00
0.000000000000000000e+00 -2.576086956521739246e+00 1.400000000000000000e+01 4.343750000000000000e+00
0.000000000000000000e+00 -2.419354838709677491e+00 1.800000000000000000e+01 8.953125000000000000e+00
0.000000000000000000e+00 -2.333333333333333481e+00 5.000000000000000000e+00 -3.416666666666666075e+00
0.000000000000000000e+00 -2.344982078853046659e+00 4.500000000000000000e+00 -4.203125000000000000e+00
0.000000000000000000e+00 -2.329032258064516192e+00 5.000000000000000000e+00 -3.801562499999999289e+00
0.000000000000000000e+00 -2.262411347517730320e+00 7.000000000000000000e+00 -1.561458333333334281e+00
0.000000000000000000e+00 -2.152067669172932352e+00 1.128571428571428648e+01 3.147879464285715301e+00
0.000000000000000000e+00 -2.166374269005848063e+00 4.888888888888889284e+00 -3.292100694444442865e+00
3.000000000000000000e+00 4.239130434782607537e-01 4.000000000000000000e+00 -5.656250000000000000e+00
1.500000000000000000e+00 -9.193548387096774910e-01 5.000000000000000000e+00 -4.046875000000000000e+00
1.000000000000000000e+00 -1.333333333333333481e+00 5.000000000000000000e+00 -3.416666666666666075e+00
7.500000000000000000e-01 -1.579032258064516192e+00 5.200000000000000178e+00 -3.601562499999999112e+00
5.999999999999999778e-01 -1.662411347517730231e+00 4.833333333333333037e+00 -3.728125000000001243e+00
5.000000000000000000e-01 -1.748733535967579300e+00 8.714285714285713524e+00 2.834821428571405733e-01
4.285714285714285476e-01 -1.723496240601503748e+00 4.500000000000000000e+00 -3.637834821428571175e+00
3.750000000000000000e-01 -1.791374269005848063e+00 8.444444444444444642e+00 2.634548611111124927e-01
1.000000000000000000e+00 -1.576086956521739246e+00 4.000000000000000000e+00 -5.656250000000000000e+00
5.000000000000000000e-01 -1.919354838709677491e+00 3.500000000000000000e+00 -5.546875000000000000e+00
3.333333333333333148e-01 -2.000000000000000000e+00 3.333333333333333481e+00 -5.083333333333332149e+00
1.750000000000000000e+00 -5.949820788530466587e-01 8.000000000000000000e+00 -7.031250000000000000e-01
1.399999999999999911e+00 -8.624113475177304089e-01 4.333333333333333037e+00 -4.228125000000001243e+00
1.166666666666666741e+00 -1.082066869300912559e+00 1.250000000000000000e+01 4.069196428571427049e+00
1.000000000000000000e+00 -1.152067669172932352e+00 6.142857142857143238e+00 -1.994977678571427937e+00
8.750000000000000000e-01 -1.291374269005848063e+00 1.075000000000000000e+01 2.569010416666667851e+00
0.000000000000000000e+00 -2.576086956521739246e+00 1.400000000000000000e+01 4.343750000000000000e+00
3.500000000000000000e+00 1.080645161290322509e+00 5.500000000000000000e+00 -3.546875000000000000e+00
2.666666666666666519e+00 3.333333333333330373e-01 1.666666666666666785e+01 8.250000000000001776e+00
2.000000000000000000e+00 -3.449820788530466587e-01 8.000000000000000000e+00 -7.031250000000000000e-01
1.600000000000000089e+00 -7.290322580645161032e-01 4.799999999999999822e+00 -4.001562499999999467e+00
1.333333333333333259e+00 -9.290780141843970608e-01 5.666666666666666963e+00 -2.894791666666667318e+00
1.428571428571428603e+00 -8.201621073961506969e-01 1.116666666666666607e+01 2.735863095238093123e+00
1.250000000000000000e+00 -9.020676691729323515e-01 9.125000000000000000e+00 9.871651785714288252e-01
1.111111111111111160e+00 -1.055263157894736903e+00 1.062500000000000000e+01 2.444010416666667851e+00
0.000000000000000000e+00 -2.576086956521739246e+00 8.000000000000000000e+00 -1.656250000000000000e+00
0.000000000000000000e+00 -2.419354838709677491e+00 5.500000000000000000e+00 -3.546875000000000000e+00
0.000000000000000000e+00 -2.333333333333333481e+00 2.333333333333333481e+00 -6.083333333333332149e+00
0.000000000000000000e+00 -2.329032258064516192e+00 8.599999999999999645e+00 -2.015624999999996447e-01
0.000000000000000000e+00 -2.262411347517730320e+00 1.050000000000000000e+01 1.938541666666665719e+00
0.000000000000000000e+00 -2.248733535967579300e+00 9.714285714285713524e+00 1.283482142857140573e+00
0.000000000000000000e+00 -2.152067669172932352e+00 8.571428571428571175e+00 4.335937500000000000e-01
0.000000000000000000e+00 -2.166374269005848063e+00 7.500000000000000000e+00 -6.809895833333321491e-01
0.000000000000000000e+00 -2.576086956521739246e+00 1.100000000000000000e+01 1.343750000000000000e+00
0.000000000000000000e+00 -2.419354838709677491e+00 1.500000000000000000e+01 5.953125000000000000e+00
0.000000000000000000e+00 -2.333333333333333481e+00 5.666666666666666963e+00 -2.749999999999999112e+00
2.500000000000000000e-01 -2.094982078853046659e+00 1.125000000000000000e+01 2.546875000000000000e+00
2.000000000000000111e-01 -2.129032258064516014e+00 3.600000000000000089e+00 -5.201562499999999645e+00
5.000000000000000000e-01 -1.762411347517730320e+00 4.666666666666666963e+00 -3.894791666666667318e+00
4.285714285714285476e-01 -1.820162107396150697e+00 1.200000000000000000e+01 3.569196428571427049e+00
3.750000000000000000e-01 -1.791374269005848063e+00 9.555555555555555358e+00 1.374565972222223209e+00
0.000000000000000000e+00 -2.576086956521739246e+00 9.000000000000000000e+00 -6.562500000000000000e-01
0.000000000000000000e+00 -2.419354838709677491e+00 4.500000000000000000e+00 -4.546875000000000000e+00
0.000000000000000000e+00 -2.333333333333333481e+00 4.333333333333333037e+00 -4.083333333333333037e+00
2.500000000000000000e-01 -2.094982078853046659e+00 4.500000000000000000e+00 -4.203125000000000000e+00
8.000000000000000444e-01 -1.529032258064516148e+00 4.599999999999999645e+00 -4.201562499999999645e+00
1.166666666666666741e+00 -1.095744680851063579e+00 7.333333333333333037e+00 -1.228125000000001243e+00
1.000000000000000000e+00 -1.248733535967579300e+00 5.714285714285714413e+00 -2.716517857142858539e+00
1.625000000000000000e+00 -5.270676691729323515e-01 8.142857142857142350e+00 5.022321428571174806e-03
2.777777777777777679e+00 6.114035087719296158e-01 9.111111111111110716e+00 9.301215277777785673e-01
0.000000000000000000e+00 -2.576086956521739246e+00 0.000000000000000000e+00 -9.656250000000000000e+00
0.000000000000000000e+00 -2.419354838709677491e+00 6.500000000000000000e+00 -2.546875000000000000e+00
0.000000000000000000e+00 -2.333333333333333481e+00 5.666666666666666963e+00 -2.749999999999999112e+00
0.000000000000000000e+00 -2.344982078853046659e+00 4.500000000000000000e+00 -4.203125000000000000e+00
0.000000000000000000e+00 -2.329032258064516192e+00 8.199999999999999289e+00 -6.015625000000000000e-01
0.000000000000000000e+00 -2.262411347517730320e+00 6.000000000000000000e+00 -2.561458333333334281e+00
0.000000000000000000e+00 -2.248733535967579300e+00 4.714285714285714413e+00 -3.716517857142858539e+00
7.500000000000000000e-01 -1.402067669172932352e+00 1.075000000000000000e+01 2.612165178571428825e+00
2.000000000000000000e+00 -5.760869565217392463e-01 9.000000000000000000e+00 -6.562500000000000000e-01
2.000000000000000000e+00 -4.193548387096774910e-01 4.500000000000000000e+00 -4.546875000000000000e+00
1.333333333333333259e+00 -1.000000000000000222e+00 4.333333333333333037e+00 -4.083333333333333037e+00
1.750000000000000000e+00 -5.949820788530466587e-01 4.500000000000000000e+00 -4.203125000000000000e+00
1.600000000000000089e+00 -7.290322580645161032e-01 4.599999999999999645e+00 -4.201562499999999645e+00
1.333333333333333259e+00 -9.290780141843970608e-01 7.333333333333333037e+00 -1.228125000000001243e+00
1.142857142857142794e+00 -1.105876393110436506e+00 5.714285714285714413e+00 -2.716517857142858539e+00
1.000000000000000000e+00 -1.152067669172932352e+00 8.142857142857142350e+00 5.022321428571174806e-03
1.222222222222222321e+00 -9.441520467836257424e-01 9.111111111111110716e+00 9.301215277777785673e-01
0.000000000000000000e+00 -2.576086956521739246e+00 4.000000000000000000e+00 -5.656250000000000000e+00
0.000000000000000000e+00 -2.419354838709677491e+00 5.000000000000000000e+00 -4.046875000000000000e+00
0.000000000000000000e+00 -2.333333333333333481e+00 5.000000000000000000e+00 -3.416666666666666075e+00
0.000000000000000000e+00 -2.329032258064516192e+00 5.200000000000000178e+00 -3.601562499999999112e+00
0.000000000000000000e+00 -2.262411347517730320e+00 4.833333333333333037e+00 -3.728125000000001243e+00
0.000000000000000000e+00 -2.248733535967579300e+00 8.714285714285713524e+00 2.834821428571405733e-01
0.000000000000000000e+00 -2.152067669172932352e+00 4.500000000000000000e+00 -3.637834821428571175e+00
0.000000000000000000e+00 -2.166374269005848063e+00 8.444444444444444642e+00 2.634548611111124927e-01
1.100000000000000000e+01 8.423913043478261642e+00 1.100000000000000000e+01 1.343750000000000000e+00
9.500000000000000000e+00 7.080645161290322065e+00 1.500000000000000000e+01 5.953125000000000000e+00
7.000000000000000000e+00 4.666666666666666075e+00 5.666666666666666963e+00 -2.749999999999999112e+00
1.100000000000000000e+01 8.655017921146953341e+00 1.125000000000000000e+01 2.546875000000000000e+00
8.800000000000000711e+00 6.470967741935484518e+00 3.600000000000000089e+00 -5.201562499999999645e+00
7.333333333333333037e+00 5.070921985815602717e+00 4.666666666666666963e+00 -3.894791666666667318e+00
7.000000000000000000e+00 4.751266464032420700e+00 1.200000000000000000e+01 3.569196428571427049e+00
7.125000000000000000e+00 4.958625730994151937e+00 9.555555555555555358e+00 1.374565972222223209e+00
1.600000000000000000e+01 1.342391304347826164e+01 1.600000000000000000e+01 6.343750000000000000e+00
9.500000000000000000e+00 7.080645161290322065e+00 3.500000000000000000e+00 -5.546875000000000000e+00
6.333333333333333037e+00 3.999999999999999556e+00 1.100000000000000000e+01 2.583333333333333925e+00
4.750000000000000000e+00 2.405017921146953341e+00 4.500000000000000000e+00 -4.203125000000000000e+00
3.799999999999999822e+00 1.470967741935483630e+00 7.599999999999999645e+00 -1.201562499999999645e+00
3.666666666666666519e+00 1.404255319148936199e+00 4.599999999999999645e+00 -3.961458333333334636e+00
3.428571428571428381e+00 1.179837892603849081e+00 7.333333333333333037e+00 -1.097470238095239914e+00
3.125000000000000000e+00 9.586257309941519367e-01 5.125000000000000000e+00 -3.055989583333332149e+00
6.000000000000000000e+00 3.423913043478260754e+00 6.000000000000000000e+00 -3.656250000000000000e+00
1.050000000000000000e+01 8.080645161290322065e+00 1.450000000000000000e+01 5.453125000000000000e+00
9.000000000000000000e+00 6.666666666666666075e+00 5.666666666666666963e+00 -2.749999999999999112e+00
8.250000000000000000e+00 5.905017921146953341e+00 5.000000000000000000e+00 -3.703125000000000000e+00
6.599999999999999645e+00 4.270967741935483453e+00 1.150000000000000000e+01 2.698437500000000711e+00
5.500000000000000000e+00 3.237588652482269680e+00 1.259999999999999964e+01 4.038541666666665364e+00
5.428571428571428825e+00 3.179837892603849525e+00 9.714285714285713524e+00 1.283482142857140573e+00
5.000000000000000000e+00 2.847932330827067648e+00 1.125000000000000000e+01 3.112165178571428825e+00
4.555555555555555358e+00 2.389181286549707295e+00 4.555555555555555358e+00 -3.625434027777776791e+00
1.000000000000000000e+00 -1.576086956521739246e+00 4.000000000000000000e+00 -5.656250000000000000e+00
1.500000000000000000e+00 -9.193548387096774910e-01 5.000000000000000000e+00 -4.046875000000000000e+00
1.000000000000000000e+00 -1.333333333333333481e+00 5.000000000000000000e+00 -3.416666666666666075e+00
1.000000000000000000e+00 -1.329032258064516192e+00 5.200000000000000178e+00 -3.601562499999999112e+00
2.000000000000000000e+00 -2.624113475177303201e-01 4.833333333333333037e+00 -3.728125000000001243e+00
2.333333333333333481e+00 8.459979736575418130e-02 8.714285714285713524e+00 2.834821428571405733e-01
2.428571428571428381e+00 2.765037593984960296e-01 4.500000000000000000e+00 -3.637834821428571175e+00
2.500000000000000000e+00 3.336257309941519367e-01 8.444444444444444642e+00 2.634548611111124927e-01
0.000000000000000000e+00 -2.576086956521739246e+00 1.100000000000000000e+01 1.343750000000000000e+00
0.000000000000000000e+00 -2.419354838709677491e+00 1.800000000000000000e+01 8.953125000000000000e+00
6.666666666666666297e-01 -1.666666666666666963e+00 6.333333333333333037e+00 -2.083333333333333037e+00
5.000000000000000000e-01 -1.844982078853046659e+00 1.250000000000000000e+01 3.796875000000000000e+00
4.000000000000000222e-01 -1.929032258064516281e+00 7.750000000000000000e+00 -1.051562499999999289e+00
3.333333333333333148e-01 -1.929078014184397061e+00 1.133333333333333393e+01 2.771874999999999645e+00
2.857142857142856984e-01 -1.963019250253293713e+00 7.714285714285714413e+00 -7.165178571428585386e-01
2.500000000000000000e-01 -1.902067669172932352e+00 5.500000000000000000e+00 -2.637834821428571175e+00
0.000000000000000000e+00 -2.576086956521739246e+00 9.000000000000000000e+00 -6.562500000000000000e-01
0.000000000000000000e+00 -2.419354838709677491e+00 4.500000000000000000e+00 -4.546875000000000000e+00
0.000000000000000000e+00 -2.333333333333333481e+00 4.333333333333333037e+00 -4.083333333333333037e+00
0.000000000000000000e+00 -2.344982078853046659e+00 4.500000000000000000e+00 -4.203125000000000000e+00
2.000000000000000111e-01 -2.129032258064516014e+00 4.599999999999999645e+00 -4.201562499999999645e+00
1.666666666666666574e-01 -2.095744680851063801e+00 7.333333333333333037e+00 -1.228125000000001243e+00
1.428571428571428492e-01 -2.105876393110436506e+00 5.714285714285714413e+00 -2.716517857142858539e+00
1.250000000000000000e-01 -2.027067669172932352e+00 8.142857142857142350e+00 5.022321428571174806e-03
1.111111111111111049e-01 -2.055263157894736903e+00 9.111111111111110716e+00 9.301215277777785673e-01
0.000000000000000000e+00 -2.576086956521739246e+00 8.000000000000000000e+00 -1.656250000000000000e+00
5.000000000000000000e-01 -1.919354838709677491e+00 5.000000000000000000e+00 -4.046875000000000000e+00
3.333333333333333148e-01 -2.000000000000000000e+00 5.333333333333333037e+00 -3.083333333333333037e+00
2.500000000000000000e-01 -2.079032258064516192e+00 7.250000000000000000e+00 -1.551562499999999289e+00
2.000000000000000111e-01 -2.062411347517730142e+00 8.833333333333333925e+00 2.718749999999996447e-01
1.666666666666666574e-01 -2.082066869300912781e+00 9.000000000000000000e+00 5.691964285714270488e-01
1.428571428571428492e-01 -2.009210526315789558e+00 4.142857142857143238e+00 -3.994977678571427937e+00
1.250000000000000000e-01 -2.041374269005848063e+00 1.077777777777777857e+01 2.596788194444446418e+00
0.000000000000000000e+00 -2.576086956521739246e+00 2.800000000000000000e+01 1.834375000000000000e+01
3.000000000000000000e+00 5.806451612903225090e-01 1.300000000000000000e+01 3.953125000000000000e+00
4.666666666666666963e+00 2.333333333333333481e+00 1.500000000000000000e+01 6.583333333333333925e+00
3.750000000000000000e+00 1.420967741935483808e+00 1.325000000000000000e+01 4.448437500000000711e+00
3.000000000000000000e+00 7.375886524822696799e-01 1.116666666666666607e+01 2.605208333333331794e+00
2.500000000000000000e+00 2.512664640324206999e-01 6.428571428571428825e+00 -2.002232142857144126e+00
2.142857142857142794e+00 -9.210526315789557827e-03 3.875000000000000000e+00 -4.262834821428571175e+00
2.000000000000000000e+00 -1.663742690058480633e-01 8.444444444444444642e+00 2.634548611111124927e-01
4.000000000000000000e+00 1.423913043478260754e+00 6.000000000000000000e+00 -3.656250000000000000e+00
3.500000000000000000e+00 1.080645161290322509e+00 6.000000000000000000e+00 -3.046875000000000000e+00
3.333333333333333481e+00 1.000000000000000000e+00 4.666666666666666963e+00 -3.749999999999999112e+00
2.500000000000000000e+00 1.550179211469533413e-01 1.050000000000000000e+01 1.796875000000000000e+00
2.000000000000000000e+00 -3.290322580645161921e-01 4.000000000000000000e+00 -4.801562499999999289e+00
2.000000000000000000e+00 -2.624113475177303201e-01 5.166666666666666963e+00 -3.394791666666667318e+00
1.714285714285714191e+00 -4.377819548872181610e-01 4.875000000000000000e+00 -3.262834821428571175e+00
1.500000000000000000e+00 -6.663742690058480633e-01 5.375000000000000000e+00 -2.805989583333332149e+00
1.300000000000000000e+01 1.042391304347826164e+01 1.400000000000000000e+01 4.343750000000000000e+00
1.050000000000000000e+01 8.080645161290322065e+00 1.800000000000000000e+01 8.953125000000000000e+00
7.333333333333333037e+00 5.000000000000000000e+00 5.000000000000000000e+00 -3.416666666666666075e+00
6.000000000000000000e+00 3.655017921146953341e+00 4.500000000000000000e+00 -4.203125000000000000e+00
5.400000000000000355e+00 3.070967741935484163e+00 5.000000000000000000e+00 -3.801562499999999289e+00
6.166666666666666963e+00 3.904255319148936643e+00 7.000000000000000000e+00 -1.561458333333334281e+00
5.857142857142856762e+00 3.705075187969924411e+00 1.128571428571428648e+01 3.147879464285715301e+00
5.125000000000000000e+00 2.958625730994151937e+00 4.888888888888889284e+00 -3.292100694444442865e+00
0.000000000000000000e+00 -2.576086956521739246e+00 5.000000000000000000e+00 -4.656250000000000000e+00
0.000000000000000000e+00 -2.419354838709677491e+00 2.500000000000000000e+00 -6.546875000000000000e+00
3.333333333333333148e-01 -2.000000000000000000e+00 4.666666666666666963e+00 -3.749999999999999112e+00
2.500000000000000000e-01 -2.094982078853046659e+00 8.250000000000000000e+00 -4.531250000000000000e-01
2.000000000000000111e-01 -2.129032258064516014e+00 5.200000000000000178e+00 -3.601562499999999112e+00
1.666666666666666574e-01 -2.095744680851063801e+00 8.400000000000000355e+00 -1.614583333333339255e-01
1.428571428571428492e-01 -2.105876393110436506e+00 7.000000000000000000e+00 -1.430803571428572951e+00
1.250000000000000000e-01 -2.027067669172932352e+00 5.625000000000000000e+00 -2.512834821428571175e+00
1.111111111111111049e-01 -2.055263157894736903e+00 7.875000000000000000e+00 -3.059895833333321491e-01
0.000000000000000000e+00 -2.576086956521739246e+00 7.000000000000000000e+00 -2.656250000000000000e+00
0.000000000000000000e+00 -2.419354838709677491e+00 6.000000000000000000e+00 -3.046875000000000000e+00
0.000000000000000000e+00 -2.333333333333333481e+00 6.666666666666666963e+00 -1.749999999999999112e+00
0.000000000000000000e+00 -2.344982078853046659e+00 6.500000000000000000e+00 -2.203125000000000000e+00
0.000000000000000000e+00 -2.329032258064516192e+00 4.000000000000000000e+00 -4.801562499999999289e+00
0.000000000000000000e+00 -2.262411347517730320e+00 7.000000000000000000e+00 -1.561458333333334281e+00
0.000000000000000000e+00 -2.248733535967579300e+00 4.714285714285714413e+00 -3.716517857142858539e+00
7.500000000000000000e-01 -1.402067669172932352e+00 6.500000000000000000e+00 -1.637834821428571175e+00
0.000000000000000000e+00 -2.576086956521739246e+00 1.100000000000000000e+01 1.343750000000000000e+00
3.000000000000000000e+00 5.806451612903225090e-01 1.500000000000000000e+01 5.953125000000000000e+00
4.666666666666666963e+00 2.333333333333333481e+00 5.666666666666666963e+00 -2.749999999999999112e+00
5.000000000000000000e+00 2.655017921146953341e+00 1.125000000000000000e+01 2.546875000000000000e+00
4.000000000000000000e+00 1.670967741935483808e+00 3.600000000000000089e+00 -5.201562499999999645e+00
3.666666666666666519e+00 1.404255319148936199e+00 4.666666666666666963e+00 -3.894791666666667318e+00
4.285714285714285587e+00 2.036980749746706287e+00 1.200000000000000000e+01 3.569196428571427049e+00
3.750000000000000000e+00 1.583625730994151937e+00 9.555555555555555358e+00 1.374565972222223209e+00
4.000000000000000000e+00 1.423913043478260754e+00 4.000000000000000000e+00 -5.656250000000000000e+00
3.000000000000000000e+00 5.806451612903225090e-01 5.000000000000000000e+00 -4.046875000000000000e+00
2.333333333333333481e+00 0.000000000000000000e+00 9.000000000000000000e+00 5.833333333333339255e-01
1.750000000000000000e+00 -5.790322580645161921e-01 1.000000000000000000e+01 1.198437500000000711e+00
1.399999999999999911e+00 -8.624113475177304089e-01 1.183333333333333393e+01 3.271874999999999645e+00
1.166666666666666741e+00 -1.082066869300912559e+00 5.833333333333333037e+00 -2.597470238095239914e+00
1.000000000000000000e+00 -1.152067669172932352e+00 4.750000000000000000e+00 -3.387834821428571175e+00
8.750000000000000000e-01 -1.291374269005848063e+00 7.625000000000000000e+00 -5.559895833333321491e-01
0.000000000000000000e+00 -2.576086956521739246e+00 2.000000000000000000e+00 -7.656250000000000000e+00
0.000000000000000000e+00 -2.419354838709677491e+00 2.500000000000000000e+00 -6.546875000000000000e+00
0.000000000000000000e+00 -2.333333333333333481e+00 5.333333333333333037e+00 -3.083333333333333037e+00
0.000000000000000000e+00 -2.344982078853046659e+00 8.750000000000000000e+00 4.687500000000000000e-02
0.000000000000000000e+00 -2.329032258064516192e+00 1.259999999999999964e+01 3.798437500000000355e+00
0.000000000000000000e+00 -2.262411347517730320e+00 6.400000000000000355e+00 -2.161458333333333925e+00
0.000000000000000000e+00 -2.248733535967579300e+00 5.000000000000000000e+00 -3.430803571428572951e+00
0.000000000000000000e+00 -2.152067669172932352e+00 9.750000000000000000e+00 1.612165178571428825e+00
1.222222222222222321e+00 -9.441520467836257424e-01 5.333333333333333037e+00 -2.847656249999999112e+00
9.000000000000000000e+00 6.423913043478260754e+00 1.100000000000000000e+01 1.343750000000000000e+00
1.450000000000000000e+01 1.208064516129032206e+01 1.800000000000000000e+01 8.953125000000000000e+00
1.133333333333333393e+01 9.000000000000000000e+00 6.333333333333333037e+00 -2.083333333333333037e+00
1.200000000000000000e+01 9.655017921146953341e+00 1.250000000000000000e+01 3.796875000000000000e+00
1.040000000000000036e+01 8.070967741935483275e+00 7.750000000000000000e+00 -1.051562499999999289e+00
9.500000000000000000e+00 7.237588652482269680e+00 1.133333333333333393e+01 2.771874999999999645e+00
8.285714285714286476e+00 6.036980749746707176e+00 7.714285714285714413e+00 -7.165178571428585386e-01
8.375000000000000000e+00 6.222932330827067204e+00 5.500000000000000000e+00 -2.637834821428571175e+00
0.000000000000000000e+00 -2.576086956521739246e+00 2.000000000000000000e+00 -7.656250000000000000e+00
0.000000000000000000e+00 -2.419354838709677491e+00 1.050000000000000000e+01 1.453125000000000000e+00
0.000000000000000000e+00 -2.333333333333333481e+00 9.333333333333333925e+00 9.166666666666678509e-01
1.750000000000000000e+00 -5.949820788530466587e-01 6.750000000000000000e+00 -1.953125000000000000e+00
1.399999999999999911e+00 -8.624113475177304089e-01 4.333333333333333037e+00 -4.228125000000001243e+00
1.666666666666666741e+00 -5.820668693009125594e-01 8.000000000000000000e+00 -4.308035714285729512e-01
2.142857142857142794e+00 -9.210526315789557827e-03 9.125000000000000000e+00 9.871651785714288252e-01
1.875000000000000000e+00 -2.913742690058480633e-01 4.888888888888889284e+00 -3.292100694444442865e+00
0.000000000000000000e+00 -2.576086956521739246e+00 4.000000000000000000e+00 -5.656250000000000000e+00
0.000000000000000000e+00 -2.419354838709677491e+00 5.000000000000000000e+00 -4.046875000000000000e+00
0.000000000000000000e+00 -2.333333333333333481e+00 9.000000000000000000e+00 5.833333333333339255e-01
7.500000000000000000e-01 -1.579032258064516192e+00 1.000000000000000000e+01 1.198437500000000711e+00
5.999999999999999778e-01 -1.662411347517730231e+00 1.183333333333333393e+01 3.271874999999999645e+00
2.500000000000000000e+00 2.512664640324206999e-01 5.833333333333333037e+00 -2.597470238095239914e+00
2.285714285714285587e+00 1.336466165413532359e-01 4.750000000000000000e+00 -3.387834821428571175e+00
2.000000000000000000e+00 -1.663742690058480633e-01 7.625000000000000000e+00 -5.559895833333321491e-01
2.000000000000000000e+00 -5.760869565217392463e-01 1.400000000000000000e+01 4.343750000000000000e+00
1.500000000000000000e+00 -9.193548387096774910e-01 5.500000000000000000e+00 -3.546875000000000000e+00
4.333333333333333037e+00 1.999999999999999556e+00 1.666666666666666785e+01 8.250000000000001776e+00
5.250000000000000000e+00 2.905017921146953341e+00 8.000000000000000000e+00 -7.031250000000000000e-01
4.799999999999999822e+00 2.470967741935483630e+00 4.799999999999999822e+00 -4.001562499999999467e+00
5.166666666666666963e+00 2.904255319148936643e+00 5.666666666666666963e+00 -2.894791666666667318e+00
5.285714285714285587e+00 3.036980749746706287e+00 1.116666666666666607e+01 2.735863095238093123e+00
4.625000000000000000e+00 2.472932330827067648e+00 9.125000000000000000e+00 9.871651785714288252e-01
5.555555555555555358e+00 3.389181286549707295e+00 1.062500000000000000e+01 2.444010416666667851e+00
0.000000000000000000e+00 -2.576086956521739246e+00 3.000000000000000000e+00 -6.656250000000000000e+00
0.000000000000000000e+00 -2.419354838709677491e+00 6.500000000000000000e+00 -2.546875000000000000e+00
0.000000000000000000e+00 -2.333333333333333481e+00 1.200000000000000000e+01 3.583333333333333925e+00
1.750000000000000000e+00 -5.949820788530466587e-01 6.000000000000000000e+00 -2.703125000000000000e+00
1.800000000000000044e+00 -5.290322580645161477e-01 8.800000000000000711e+00 -1.562499999998578915e-03
4.000000000000000000e+00 1.737588652482269680e+00 9.666666666666666075e+00 1.105208333333331794e+00
3.857142857142857206e+00 1.608409321175277906e+00 5.833333333333333037e+00 -2.597470238095239914e+00
3.625000000000000000e+00 1.472932330827067648e+00 6.428571428571428825e+00 -1.709263392857142350e+00
3.222222222222222321e+00 1.055847953216374258e+00 8.625000000000000000e+00 4.440104166666678509e-01
0.000000000000000000e+00 -2.576086956521739246e+00 0.000000000000000000e+00 -9.656250000000000000e+00
0.000000000000000000e+00 -2.419354838709677491e+00 3.500000000000000000e+00 -5.546875000000000000e+00
0.000000000000000000e+00 -2.333333333333333481e+00 4.666666666666666963e+00 -3.749999999999999112e+00
0.000000000000000000e+00 -2.344982078853046659e+00 7.250000000000000000e+00 -1.453125000000000000e+00
0.000000000000000000e+00 -2.329032258064516192e+00 1.400000000000000000e+01 5.198437500000000711e+00
0.000000000000000000e+00 -2.262411347517730320e+00 9.500000000000000000e+00 9.385416666666657193e-01
0.000000000000000000e+00 -2.248733535967579300e+00 9.285714285714286476e+00 8.549107142857135244e-01
0.000000000000000000e+00 -2.152067669172932352e+00 8.500000000000000000e+00 3.621651785714288252e-01
0.000000000000000000e+00 -2.166374269005848063e+00 3.625000000000000000e+00 -4.555989583333332149e+00
0.000000000000000000e+00 -2.576086956521739246e+00 1.500000000000000000e+01 5.343750000000000000e+00
0.000000000000000000e+00 -2.419354838709677491e+00 1.450000000000000000e+01 5.453125000000000000e+00
0.000000000000000000e+00 -2.333333333333333481e+00 9.000000000000000000e+00 5.833333333333339255e-01
0.000000000000000000e+00 -2.344982078853046659e+00 1.325000000000000000e+01 4.546875000000000000e+00
0.000000000000000000e+00 -2.329032258064516192e+00 1.000000000000000000e+01 1.198437500000000711e+00
0.000000000000000000e+00 -2.262411347517730320e+00 8.199999999999999289e+00 -3.614583333333349913e-01
0.000000000000000000e+00 -2.248733535967579300e+00 9.333333333333333925e+00 9.025297619047609743e-01
0.000000000000000000e+00 -2.152067669172932352e+00 8.714285714285713524e+00 5.764508928571423496e-01
0.000000000000000000e+00 -2.166374269005848063e+00 5.875000000000000000e+00 -2.305989583333332149e+00
0.000000000000000000e+00 -2.576086956521739246e+00 4.000000000000000000e+00 -5.656250000000000000e+00
1.500000000000000000e+00 -9.193548387096774910e-01 5.500000000000000000e+00 -3.546875000000000000e+00
1.000000000000000000e+00 -1.333333333333333481e+00 1.666666666666666741e+00 -6.749999999999999112e+00
3.000000000000000000e+00 6.550179211469533413e-01 8.000000000000000000e+00 -7.031250000000000000e-01
2.399999999999999911e+00 7.096774193548371912e-02 6.000000000000000000e+00 -2.801562499999999289e+00
2.333333333333333481e+00 7.092198581560316129e-02 4.833333333333333037e+00 -3.728125000000001243e+00
2.000000000000000000e+00 -2.487335359675793001e-01 3.666666666666666519e+00 -4.764136904761906877e+00
1.750000000000000000e+00 -4.020676691729323515e-01 4.625000000000000000e+00 -3.512834821428571175e+00
0.000000000000000000e+00 -2.576086956521739246e+00 1.600000000000000000e+01 6.343750000000000000e+00
2.000000000000000000e+00 -4.193548387096774910e-01 3.500000000000000000e+00 -5.546875000000000000e+00
2.000000000000000000e+00 -3.333333333333334814e-01 1.100000000000000000e+01 2.583333333333333925e+00
1.750000000000000000e+00 -5.949820788530466587e-01 4.500000000000000000e+00 -4.203125000000000000e+00
1.600000000000000089e+00 -7.290322580645161032e-01 7.599999999999999645e+00 -1.201562499999999645e+00
1.333333333333333259e+00 -9.290780141843970608e-01 4.599999999999999645e+00 -3.961458333333334636e+00
1.142857142857142794e+00 -1.105876393110436506e+00 7.333333333333333037e+00 -1.097470238095239914e+00
1.000000000000000000e+00 -1.166374269005848063e+00 5.125000000000000000e+00 -3.055989583333332149e+00
2.000000000000000000e+00 -5.760869565217392463e-01 1.100000000000000000e+01 1.343750000000000000e+00
1.000000000000000000e+00 -1.419354838709677491e+00 1.800000000000000000e+01 8.953125000000000000e+00
6.666666666666666297e-01 -1.666666666666666963e+00 6.333333333333333037e+00 -2.083333333333333037e+00
5.000000000000000000e-01 -1.844982078853046659e+00 1.250000000000000000e+01 3.796875000000000000e+00
4.000000000000000222e-01 -1.929032258064516281e+00 7.750000000000000000e+00 -1.051562499999999289e+00
3.333333333333333148e-01 -1.929078014184397061e+00 1.133333333333333393e+01 2.771874999999999645e+00
2.857142857142856984e-01 -1.963019250253293713e+00 7.714285714285714413e+00 -7.165178571428585386e-01
2.500000000000000000e-01 -1.902067669172932352e+00 5.500000000000000000e+00 -2.637834821428571175e+00
0.000000000000000000e+00 -2.576086956521739246e+00 1.100000000000000000e+01 1.343750000000000000e+00
0.000000000000000000e+00 -2.419354838709677491e+00 1.800000000000000000e+01 8.953125000000000000e+00
0.000000000000000000e+00 -2.333333333333333481e+00 6.333333333333333037e+00 -2.083333333333333037e+00
0.000000000000000000e+00 -2.344982078853046659e+00 1.250000000000000000e+01 3.796875000000000000e+00
0.000000000000000000e+00 -2.329032258064516192e+00 7.750000000000000000e+00 -1.051562499999999289e+00
0.000000000000000000e+00 -2.262411347517730320e+00 1.133333333333333393e+01 2.771874999999999645e+00
0.000000000000000000e+00 -2.248733535967579300e+00 7.714285714285714413e+00 -7.165178571428585386e-01
0.000000000000000000e+00 -2.152067669172932352e+00 5.500000000000000000e+00 -2.637834821428571175e+00
1.200000000000000000e+01 9.423913043478261642e+00 1.400000000000000000e+01 4.343750000000000000e+00
6.000000000000000000e+00 3.580645161290322509e+00 5.500000000000000000e+00 -3.546875000000000000e+00
7.333333333333333037e+00 5.000000000000000000e+00 1.666666666666666785e+01 8.250000000000001776e+00
7.750000000000000000e+00 5.405017921146953341e+00 8.000000000000000000e+00 -7.031250000000000000e-01
8.400000000000000355e+00 6.070967741935484163e+00 4.799999999999999822e+00 -4.001562499999999467e+00
7.666666666666666963e+00 5.404255319148936643e+00 5.666666666666666963e+00 -2.894791666666667318e+00
8.142857142857142350e+00 5.894123606889563050e+00 1.116666666666666607e+01 2.735863095238093123e+00
8.125000000000000000e+00 5.972932330827067204e+00 9.125000000000000000e+00 9.871651785714288252e-01
8.333333333333333925e+00 6.166959064327485862e+00 1.062500000000000000e+01 2.444010416666667851e+00
2.000000000000000000e+00 -5.760869565217392463e-01 8.000000000000000000e+00 -1.656250000000000000e+00
3.000000000000000000e+00 5.806451612903225090e-01 5.000000000000000000e+00 -4.046875000000000000e+00
3.000000000000000000e+00 6.666666666666665186e-01 5.333333333333333037e+00 -3.083333333333333037e+00
2.500000000000000000e+00 1.709677419354838079e-01 7.250000000000000000e+00 -1.551562499999999289e+00
2.200000000000000178e+00 -6.241134751773014244e-02 8.833333333333333925e+00 2.718749999999996447e-01
2.166666666666666519e+00 -8.206686930091278143e-02 9.000000000000000000e+00 5.691964285714270488e-01
2.000000000000000000e+00 -1.520676691729323515e-01 4.142857142857143238e+00 -3.994977678571427937e+00
2.625000000000000000e+00 4.586257309941519367e-01 1.077777777777777857e+01 2.596788194444446418e+00
0.000000000000000000e+00 -2.576086956521739246e+00 4.000000000000000000e+00 -5.656250000000000000e+00
0.000000000000000000e+00 -2.419354838709677491e+00 5.000000000000000000e+00 -4.046875000000000000e+00
0.000000000000000000e+00 -2.333333333333333481e+00 9.000000000000000000e+00 5.833333333333339255e-01
5.000000000000000000e-01 -1.829032258064516192e+00 1.000000000000000000e+01 1.198437500000000711e+00
5.999999999999999778e-01 -1.662411347517730231e+00 1.183333333333333393e+01 3.271874999999999645e+00
5.000000000000000000e-01 -1.748733535967579300e+00 5.833333333333333037e+00 -2.597470238095239914e+00
1.571428571428571397e+00 -5.806390977443609547e-01 4.750000000000000000e+00 -3.387834821428571175e+00
1.500000000000000000e+00 -6.663742690058480633e-01 7.625000000000000000e+00 -5.559895833333321491e-01
2.000000000000000000e+00 -5.760869565217392463e-01 6.000000000000000000e+00 -3.656250000000000000e+00
1.000000000000000000e+00 -1.419354838709677491e+00 6.000000000000000000e+00 -3.046875000000000000e+00
6.666666666666666297e-01 -1.666666666666666963e+00 4.666666666666666963e+00 -3.749999999999999112e+00
1.500000000000000000e+00 -8.449820788530466587e-01 1.050000000000000000e+01 1.796875000000000000e+00
1.399999999999999911e+00 -9.290322580645162809e-01 4.000000000000000000e+00 -4.801562499999999289e+00
2.000000000000000000e+00 -2.624113475177303201e-01 5.166666666666666963e+00 -3.394791666666667318e+00
2.571428571428571619e+00 4.193609022556392674e-01 4.875000000000000000e+00 -3.262834821428571175e+00
2.250000000000000000e+00 8.362573099415193667e-02 5.375000000000000000e+00 -2.805989583333332149e+00
0.000000000000000000e+00 -2.576086956521739246e+00 1.400000000000000000e+01 4.343750000000000000e+00
0.000000000000000000e+00 -2.419354838709677491e+00 1.800000000000000000e+01 8.953125000000000000e+00
3.333333333333333148e-01 -2.000000000000000000e+00 5.000000000000000000e+00 -3.416666666666666075e+00
2.500000000000000000e-01 -2.094982078853046659e+00 4.500000000000000000e+00 -4.203125000000000000e+00
2.000000000000000111e-01 -2.129032258064516014e+00 5.000000000000000000e+00 -3.801562499999999289e+00
1.500000000000000000e+00 -7.624113475177303201e-01 7.000000000000000000e+00 -1.561458333333334281e+00
1.285714285714285809e+00 -8.663533834586465421e-01 1.128571428571428648e+01 3.147879464285715301e+00
1.125000000000000000e+00 -1.041374269005848063e+00 4.888888888888889284e+00 -3.292100694444442865e+00
0.000000000000000000e+00 -2.576086956521739246e+00 2.800000000000000000e+01 1.834375000000000000e+01
0.000000000000000000e+00 -2.419354838709677491e+00 1.300000000000000000e+01 3.953125000000000000e+00
3.333333333333333148e-01 -2.000000000000000000e+00 1.500000000000000000e+01 6.583333333333333925e+00
2.500000000000000000e-01 -2.079032258064516192e+00 1.325000000000000000e+01 4.448437500000000711e+00
2.000000000000000111e-01 -2.062411347517730142e+00 1.116666666666666607e+01 2.605208333333331794e+00
1.666666666666666574e-01 -2.082066869300912781e+00 6.428571428571428825e+00 -2.002232142857144126e+00
1.428571428571428492e-01 -2.009210526315789558e+00 3.875000000000000000e+00 -4.262834821428571175e+00
1.250000000000000000e-01 -2.041374269005848063e+00 8.444444444444444642e+00 2.634548611111124927e-01
1.000000000000000000e+01 7.423913043478260754e+00 1.000000000000000000e+01 3.437500000000000000e-01
6.500000000000000000e+00 4.080645161290322065e+00 4.500000000000000000e+00 -4.546875000000000000e+00
7.666666666666666963e+00 5.333333333333333925e+00 5.666666666666666963e+00 -2.749999999999999112e+00
8.000000000000000000e+00 5.655017921146953341e+00 9.250000000000000000e+00 5.468750000000000000e-01
9.599999999999999645e+00 7.270967741935483453e+00 8.750000000000000000e+00 -5.156249999999928946e-02
9.500000000000000000e+00 7.237588652482269680e+00 6.666666666666666963e+00 -1.894791666666667318e+00
9.000000000000000000e+00 6.751266464032420700e+00 1.042857142857142883e+01 1.997767857142855874e+00
1.187500000000000000e+01 9.722932330827067204e+00 1.100000000000000000e+01 2.862165178571428825e+00
1.233333333333333393e+01 1.016695906432748586e+01 9.625000000000000000e+00 1.444010416666667851e+00
0.000000000000000000e+00 -2.576086956521739246e+00 8.000000000000000000e+00 -1.656250000000000000e+00
0.000000000000000000e+00 -2.419354838709677491e+00 5.500000000000000000e+00 -3.546875000000000000e+00
0.000000000000000000e+00 -2.333333333333333481e+00 2.333333333333333481e+00 -6.083333333333332149e+00
0.000000000000000000e+00 -2.329032258064516192e+00 8.599999999999999645e+00 -2.015624999999996447e-01
0.000000000000000000e+00 -2.262411347517730320e+00 1.050000000000000000e+01 1.938541666666665719e+00
0.000000000000000000e+00 -2.248733535967579300e+00 9.714285714285713524e+00 1.283482142857140573e+00
0.000000000000000000e+00 -2.152067669172932352e+00 8.571428571428571175e+00 4.335937500000000000e-01
0.000000000000000000e+00 -2.166374269005848063e+00 7.500000000000000000e+00 -6.809895833333321491e-01
0.000000000000000000e+00 -2.576086956521739246e+00 1.000000000000000000e+00 -8.656250000000000000e+00
0.000000000000000000e+00 -2.419354838709677491e+00 7.500000000000000000e+00 -1.546875000000000000e+00
0.000000000000000000e+00 -2.333333333333333481e+00 5.333333333333333037e+00 -3.083333333333333037e+00
0.000000000000000000e+00 -2.344982078853046659e+00 4.750000000000000000e+00 -3.953125000000000000e+00
0.000000000000000000e+00 -2.329032258064516192e+00 4.599999999999999645e+00 -4.201562499999999645e+00
1.000000000000000000e+00 -1.262411347517730320e+00 1.200000000000000000e+01 3.438541666666665719e+00
3.428571428571428381e+00 1.179837892603849081e+00 8.857142857142857650e+00 4.263392857142846992e-01
3.000000000000000000e+00 8.479323308270676485e-01 8.375000000000000000e+00 2.371651785714288252e-01
2.666666666666666519e+00 5.002923976608184553e-01 1.062500000000000000e+01 2.444010416666667851e+00
0.000000000000000000e+00 -2.576086956521739246e+00 5.000000000000000000e+00 -4.656250000000000000e+00
0.000000000000000000e+00 -2.419354838709677491e+00 2.500000000000000000e+00 -6.546875000000000000e+00
1.666666666666666741e+00 -6.666666666666667407e-01 4.666666666666666963e+00 -3.749999999999999112e+00
2.500000000000000000e+00 1.550179211469533413e-01 8.250000000000000000e+00 -4.531250000000000000e-01
2.200000000000000178e+00 -1.290322580645160144e-01 5.200000000000000178e+00 -3.601562499999999112e+00
3.833333333333333481e+00 1.570921985815603161e+00 8.400000000000000355e+00 -1.614583333333339255e-01
3.571428571428571619e+00 1.322695035460992319e+00 7.000000000000000000e+00 -1.430803571428572951e+00
3.750000000000000000e+00 1.597932330827067648e+00 5.625000000000000000e+00 -2.512834821428571175e+00
3.333333333333333481e+00 1.166959064327485418e+00 7.875000000000000000e+00 -3.059895833333321491e-01
0.000000000000000000e+00 -2.576086956521739246e+00 1.100000000000000000e+01 1.343750000000000000e+00
0.000000000000000000e+00 -2.419354838709677491e+00 1.800000000000000000e+01 8.953125000000000000e+00
0.000000000000000000e+00 -2.333333333333333481e+00 6.333333333333333037e+00 -2.083333333333333037e+00
0.000000000000000000e+00 -2.344982078853046659e+00 1.250000000000000000e+01 3.796875000000000000e+00
2.000000000000000111e-01 -2.129032258064516014e+00 7.750000000000000000e+00 -1.051562499999999289e+00
1.666666666666666574e-01 -2.095744680851063801e+00 1.133333333333333393e+01 2.771874999999999645e+00
1.428571428571428492e-01 -2.105876393110436506e+00 7.714285714285714413e+00 -7.165178571428585386e-01
1.250000000000000000e-01 -2.027067669172932352e+00 5.500000000000000000e+00 -2.637834821428571175e+00
1.000000000000000000e+00 -1.576086956521739246e+00 8.000000000000000000e+00 -1.656250000000000000e+00
5.000000000000000000e-01 -1.919354838709677491e+00 5.000000000000000000e+00 -4.046875000000000000e+00
3.333333333333333148e-01 -2.000000000000000000e+00 5.333333333333333037e+00 -3.083333333333333037e+00
2.500000000000000000e-01 -2.079032258064516192e+00 7.250000000000000000e+00 -1.551562499999999289e+00
4.000000000000000222e-01 -1.862411347517730409e+00 8.833333333333333925e+00 2.718749999999996447e-01
3.333333333333333148e-01 -1.915400202634246041e+00 9.000000000000000000e+00 5.691964285714270488e-01
2.857142857142856984e-01 -1.866353383458646764e+00 4.142857142857143238e+00 -3.994977678571427937e+00
2.500000000000000000e-01 -1.916374269005848063e+00 1.077777777777777857e+01 2.596788194444446418e+00
0.000000000000000000e+00 -2.576086956521739246e+00 4.000000000000000000e+00 -5.656250000000000000e+00
0.000000000000000000e+00 -2.419354838709677491e+00 5.000000000000000000e+00 -4.046875000000000000e+00
0.000000000000000000e+00 -2.333333333333333481e+00 5.000000000000000000e+00 -3.416666666666666075e+00
0.000000000000000000e+00 -2.329032258064516192e+00 5.200000000000000178e+00 -3.601562499999999112e+00
0.000000000000000000e+00 -2.262411347517730320e+00 4.833333333333333037e+00 -3.728125000000001243e+00
0.000000000000000000e+00 -2.248733535967579300e+00 8.714285714285713524e+00 2.834821428571405733e-01
0.000000000000000000e+00 -2.152067669172932352e+00 4.500000000000000000e+00 -3.637834821428571175e+00
0.000000000000000000e+00 -2.166374269005848063e+00 8.444444444444444642e+00 2.634548611111124927e-01
3.000000000000000000e+00 4.239130434782607537e-01 3.000000000000000000e+00 -6.656250000000000000e+00
8.000000000000000000e+00 5.580645161290322065e+00 6.500000000000000000e+00 -2.546875000000000000e+00
5.333333333333333037e+00 2.999999999999999556e+00 1.200000000000000000e+01 3.583333333333333925e+00
4.000000000000000000e+00 1.655017921146953341e+00 6.000000000000000000e+00 -2.703125000000000000e+00
3.200000000000000178e+00 8.709677419354839856e-01 8.800000000000000711e+00 -1.562499999998578915e-03
2.666666666666666519e+00 4.042553191489361986e-01 9.666666666666666075e+00 1.105208333333331794e+00
2.285714285714285587e+00 3.698074974670628734e-02 5.833333333333333037e+00 -2.597470238095239914e+00
2.000000000000000000e+00 -1.520676691729323515e-01 6.428571428571428825e+00 -1.709263392857142350e+00
1.777777777777777679e+00 -3.885964912280703842e-01 8.625000000000000000e+00 4.440104166666678509e-01
2.800000000000000000e+01 2.542391304347826164e+01 2.800000000000000000e+01 1.834375000000000000e+01
1.850000000000000000e+01 1.608064516129032384e+01 1.300000000000000000e+01 3.953125000000000000e+00
1.466666666666666607e+01 1.233333333333333215e+01 1.500000000000000000e+01 6.583333333333333925e+00
1.550000000000000000e+01 1.317096774193548470e+01 1.325000000000000000e+01 4.448437500000000711e+00
1.580000000000000071e+01 1.353758865248227039e+01 1.116666666666666607e+01 2.605208333333331794e+00
1.350000000000000000e+01 1.125126646403242070e+01 6.428571428571428825e+00 -2.002232142857144126e+00
1.185714285714285765e+01 9.705075187969924855e+00 3.875000000000000000e+00 -4.262834821428571175e+00
1.150000000000000000e+01 9.333625730994151937e+00 8.444444444444444642e+00 2.634548611111124927e-01
1.000000000000000000e+00 -1.576086956521739246e+00 6.000000000000000000e+00 -3.656250000000000000e+00
1.500000000000000000e+00 -9.193548387096774910e-01 1.000000000000000000e+01 9.531250000000000000e-01
3.666666666666666519e+00 1.333333333333333037e+00 1.700000000000000000e+01 8.583333333333333925e+00
3.250000000000000000e+00 9.209677419354838079e-01 4.799999999999999822e+00 -4.001562499999999467e+00
4.200000000000000178e+00 1.937588652482269858e+00 7.166666666666666963e+00 -1.394791666666667318e+00
4.666666666666666963e+00 2.417933130699087663e+00 1.150000000000000000e+01 3.069196428571427049e+00
4.857142857142856762e+00 2.705075187969924411e+00 9.000000000000000000e+00 8.621651785714288252e-01
4.250000000000000000e+00 2.083625730994151937e+00 5.750000000000000000e+00 -2.430989583333332149e+00
0.000000000000000000e+00 -2.576086956521739246e+00 0.000000000000000000e+00 -9.656250000000000000e+00
1.000000000000000000e+00 -1.419354838709677491e+00 3.500000000000000000e+00 -5.546875000000000000e+00
2.000000000000000000e+00 -3.333333333333334814e-01 4.666666666666666963e+00 -3.749999999999999112e+00
2.000000000000000000e+00 -3.449820788530466587e-01 7.250000000000000000e+00 -1.453125000000000000e+00
1.600000000000000089e+00 -7.290322580645161032e-01 1.400000000000000000e+01 5.198437500000000711e+00
1.333333333333333259e+00 -9.290780141843970608e-01 9.500000000000000000e+00 9.385416666666657193e-01
1.428571428571428603e+00 -8.201621073961506969e-01 9.285714285714286476e+00 8.549107142857135244e-01
1.250000000000000000e+00 -9.020676691729323515e-01 8.500000000000000000e+00 3.621651785714288252e-01
1.111111111111111160e+00 -1.055263157894736903e+00 3.625000000000000000e+00 -4.555989583333332149e+00
0.000000000000000000e+00 -2.576086956521739246e+00 4.000000000000000000e+00 -5.656250000000000000e+00
0.000000000000000000e+00 -2.419354838709677491e+00 5.500000000000000000e+00 -3.546875000000000000e+00
0.000000000000000000e+00 -2.333333333333333481e+00 1.666666666666666741e+00 -6.749999999999999112e+00
0.000000000000000000e+00 -2.344982078853046659e+00 8.000000000000000000e+00 -7.031250000000000000e-01
0.000000000000000000e+00 -2.329032258064516192e+00 6.000000000000000000e+00 -2.801562499999999289e+00
0.000000000000000000e+00 -2.262411347517730320e+00 4.833333333333333037e+00 -3.728125000000001243e+00
0.000000000000000000e+00 -2.248733535967579300e+00 3.666666666666666519e+00 -4.764136904761906877e+00
0.000000000000000000e+00 -2.152067669172932352e+00 4.625000000000000000e+00 -3.512834821428571175e+00
0.000000000000000000e+00 -2.576086956521739246e+00 1.400000000000000000e+01 4.343750000000000000e+00
0.000000000000000000e+00 -2.419354838709677491e+00 9.000000000000000000e+00 -4.687500000000000000e-02
0.000000000000000000e+00 -2.333333333333333481e+00 1.233333333333333393e+01 3.916666666666667851e+00
0.000000000000000000e+00 -2.344982078853046659e+00 2.500000000000000000e+00 -6.203125000000000000e+00
0.000000000000000000e+00 -2.329032258064516192e+00 7.799999999999999822e+00 -1.001562499999999467e+00
0.000000000000000000e+00 -2.262411347517730320e+00 9.599999999999999645e+00 1.038541666666665364e+00
0.000000000000000000e+00 -2.248733535967579300e+00 5.428571428571428825e+00 -3.002232142857144126e+00
0.000000000000000000e+00 -2.152067669172932352e+00 1.014285714285714235e+01 2.005022321428571175e+00
0.000000000000000000e+00 -2.166374269005848063e+00 3.875000000000000000e+00 -4.305989583333332149e+00
8.000000000000000000e+00 5.423913043478260754e+00 1.100000000000000000e+01 1.343750000000000000e+00
5.500000000000000000e+00 3.080645161290322509e+00 1.250000000000000000e+01 3.453125000000000000e+00
4.000000000000000000e+00 1.666666666666666519e+00 8.666666666666666075e+00 2.500000000000000000e-01
3.000000000000000000e+00 6.550179211469533413e-01 5.000000000000000000e+00 -3.703125000000000000e+00
2.399999999999999911e+00 7.096774193548371912e-02 1.140000000000000036e+01 2.598437500000001066e+00
2.000000000000000000e+00 -2.624113475177303201e-01 8.500000000000000000e+00 -6.145833333333428072e-02
1.714285714285714191e+00 -5.344478216818651095e-01 5.285714285714285587e+00 -3.145089285714287364e+00
1.500000000000000000e+00 -6.520676691729323515e-01 9.857142857142857650e+00 1.719308035714286476e+00
1.333333333333333259e+00 -8.330409356725148040e-01 9.333333333333333925e+00 1.152343750000001776e+00
1.300000000000000000e+01 1.042391304347826164e+01 1.800000000000000000e+01 8.343750000000000000e+00
1.100000000000000000e+01 8.580645161290322065e+00 6.000000000000000000e+00 -3.046875000000000000e+00
1.300000000000000000e+01 1.066666666666666607e+01 7.333333333333333037e+00 -1.083333333333333037e+00
1.300000000000000000e+01 1.065501792114695334e+01 4.500000000000000000e+00 -4.203125000000000000e+00
1.059999999999999964e+01 8.270967741935482564e+00 4.599999999999999645e+00 -4.201562499999999645e+00
1.000000000000000000e+01 7.737588652482269680e+00 4.166666666666666963e+00 -4.394791666666667318e+00
9.285714285714286476e+00 7.036980749746707176e+00 7.166666666666666963e+00 -1.264136904761905988e+00
1.000000000000000000e+01 7.847932330827067204e+00 8.250000000000000000e+00 1.121651785714288252e-01
