0.000000000000000000e+00 -3.232758620689655249e+00 9.000000000000000000e+00 -9.312500000000000000e+00
0.000000000000000000e+00 -3.232758620689655249e+00 3.000000000000000000e+01 1.168750000000000000e+01
0.000000000000000000e+00 -3.232758620689655249e+00 3.000000000000000000e+01 1.168750000000000000e+01
0.000000000000000000e+00 -3.232758620689655249e+00 2.300000000000000000e+01 4.687500000000000000e+00
0.000000000000000000e+00 -3.232758620689655249e+00 2.500000000000000000e+01 6.687500000000000000e+00
0.000000000000000000e+00 -3.232758620689655249e+00 1.400000000000000000e+01 -4.312500000000000000e+00
0.000000000000000000e+00 -3.232758620689655249e+00 1.400000000000000000e+01 -4.312500000000000000e+00
0.000000000000000000e+00 -3.232758620689655249e+00 1.500000000000000000e+01 -3.312500000000000000e+00
6.000000000000000000e+00 2.767241379310344751e+00 2.500000000000000000e+01 6.687500000000000000e+00
1.100000000000000000e+01 7.767241379310345195e+00 2.500000000000000000e+01 6.687500000000000000e+00
0.000000000000000000e+00 -3.232758620689655249e+00 1.000000000000000000e+01 -8.312500000000000000e+00
0.000000000000000000e+00 -3.232758620689655249e+00 2.300000000000000000e+01 4.687500000000000000e+00
8.000000000000000000e+00 4.767241379310345195e+00 3.400000000000000000e+01 1.568750000000000000e+01
0.000000000000000000e+00 -3.232758620689655249e+00 9.000000000000000000e+00 -9.312500000000000000e+00
0.000000000000000000e+00 -3.232758620689655249e+00 1.400000000000000000e+01 -4.312500000000000000e+00
5.000000000000000000e+00 1.767241379310344751e+00 1.500000000000000000e+01 -3.312500000000000000e+00
1.000000000000000000e+00 -2.232758620689655249e+00 2.100000000000000000e+01 2.687500000000000000e+00
0.000000000000000000e+00 -3.232758620689655249e+00 2.700000000000000000e+01 8.687500000000000000e+00
0.000000000000000000e+00 -3.232758620689655249e+00 1.200000000000000000e+01 -6.312500000000000000e+00
1.200000000000000000e+01 8.767241379310345195e+00 1.400000000000000000e+01 -4.312500000000000000e+00
1.400000000000000000e+01 1.076724137931034520e+01 3.000000000000000000e+01 1.168750000000000000e+01
0.000000000000000000e+00 -3.232758620689655249e+00 1.500000000000000000e+01 -3.312500000000000000e+00
0.000000000000000000e+00 -3.232758620689655249e+00 5.000000000000000000e+00 -1.331250000000000000e+01
2.400000000000000000e+01 2.076724137931034520e+01 3.000000000000000000e+01 1.168750000000000000e+01
0.000000000000000000e+00 -3.232758620689655249e+00 1.900000000000000000e+01 6.875000000000000000e-01
7.000000000000000000e+00 3.767241379310344751e+00 1.200000000000000000e+01 -6.312500000000000000e+00
1.400000000000000000e+01 1.076724137931034520e+01 2.300000000000000000e+01 4.687500000000000000e+00
1.000000000000000000e+00 -2.232758620689655249e+00 1.100000000000000000e+01 -7.312500000000000000e+00
0.000000000000000000e+00 -3.232758620689655249e+00 2.100000000000000000e+01 2.687500000000000000e+00
2.000000000000000000e+00 -1.232758620689655249e+00 2.700000000000000000e+01 8.687500000000000000e+00
1.700000000000000000e+01 1.376724137931034520e+01 1.900000000000000000e+01 6.875000000000000000e-01
0.000000000000000000e+00 -3.232758620689655249e+00 1.000000000000000000e+01 -8.312500000000000000e+00
5.000000000000000000e+00 1.767241379310344751e+00 1.300000000000000000e+01 -5.312500000000000000e+00
0.000000000000000000e+00 -3.232758620689655249e+00 1.100000000000000000e+01 -7.312500000000000000e+00
0.000000000000000000e+00 -3.232758620689655249e+00 9.000000000000000000e+00 -9.312500000000000000e+00
0.000000000000000000e+00 -3.232758620689655249e+00 3.000000000000000000e+00 -1.531250000000000000e+01
5.000000000000000000e+00 1.767241379310344751e+00 1.000000000000000000e+01 -8.312500000000000000e+00
0.000000000000000000e+00 -3.232758620689655249e+00 1.500000000000000000e+01 -3.312500000000000000e+00
4.000000000000000000e+00 7.672413793103447510e-01 2.500000000000000000e+01 6.687500000000000000e+00
0.000000000000000000e+00 -3.232758620689655249e+00 1.500000000000000000e+01 -3.312500000000000000e+00
0.000000000000000000e+00 -3.232758620689655249e+00 2.900000000000000000e+01 1.068750000000000000e+01
1.400000000000000000e+01 1.076724137931034520e+01 2.500000000000000000e+01 6.687500000000000000e+00
6.000000000000000000e+00 2.767241379310344751e+00 1.700000000000000000e+01 -1.312500000000000000e+00
0.000000000000000000e+00 -3.232758620689655249e+00 2.000000000000000000e+00 -1.631250000000000000e+01
0.000000000000000000e+00 -3.232758620689655249e+00 3.400000000000000000e+01 1.568750000000000000e+01
0.000000000000000000e+00 -3.232758620689655249e+00 5.000000000000000000e+00 -1.331250000000000000e+01
0.000000000000000000e+00 -3.232758620689655249e+00 1.100000000000000000e+01 -7.312500000000000000e+00
1.000000000000000000e+01 6.767241379310345195e+00 2.900000000000000000e+01 1.068750000000000000e+01
0.000000000000000000e+00 -3.232758620689655249e+00 9.000000000000000000e+00 -9.312500000000000000e+00
1.000000000000000000e+00 -2.232758620689655249e+00 3.000000000000000000e+00 -1.531250000000000000e+01
0.000000000000000000e+00 -3.232758620689655249e+00 1.400000000000000000e+01 -4.312500000000000000e+00
2.000000000000000000e+00 -1.232758620689655249e+00 1.400000000000000000e+01 -4.312500000000000000e+00
4.000000000000000000e+00 7.672413793103447510e-01 2.900000000000000000e+01 1.068750000000000000e+01
7.000000000000000000e+00 3.767241379310344751e+00 2.400000000000000000e+01 5.687500000000000000e+00
0.000000000000000000e+00 -3.232758620689655249e+00 4.400000000000000000e+01 2.568750000000000000e+01
2.000000000000000000e+00 -1.232758620689655249e+00 1.500000000000000000e+01 -3.312500000000000000e+00
2.000000000000000000e+00 -1.232758620689655249e+00 3.000000000000000000e+00 -1.531250000000000000e+01
0.000000000000000000e+00 -3.232758620689655249e+00 1.600000000000000000e+01 -2.312500000000000000e+00
0.000000000000000000e+00 -3.232758620689655249e+00 1.000000000000000000e+01 -8.312500000000000000e+00
0.000000000000000000e+00 -3.232758620689655249e+00 1.900000000000000000e+01 6.875000000000000000e-01
5.000000000000000000e+00 1.767241379310344751e+00 9.000000000000000000e+00 -9.312500000000000000e+00
9.000000000000000000e+00 5.767241379310345195e+00 2.700000000000000000e+01 8.687500000000000000e+00
0.000000000000000000e+00 -3.232758620689655249e+00 2.400000000000000000e+01 5.687500000000000000e+00
1.600000000000000000e+01 1.276724137931034520e+01 3.000000000000000000e+01 1.168750000000000000e+01
1.200000000000000000e+01 8.767241379310345195e+00 1.400000000000000000e+01 -4.312500000000000000e+00
0.000000000000000000e+00 -3.232758620689655249e+00 3.000000000000000000e+00 -1.531250000000000000e+01
0.000000000000000000e+00 -3.232758620689655249e+00 2.000000000000000000e+01 1.687500000000000000e+00
0.000000000000000000e+00 -3.232758620689655249e+00 1.500000000000000000e+01 -3.312500000000000000e+00
0.000000000000000000e+00 -3.232758620689655249e+00 9.000000000000000000e+00 -9.312500000000000000e+00
3.000000000000000000e+00 -2.327586206896552490e-01 1.100000000000000000e+01 -7.312500000000000000e+00
1.000000000000000000e+01 6.767241379310345195e+00 2.100000000000000000e+01 2.687500000000000000e+00
0.000000000000000000e+00 -3.232758620689655249e+00 9.000000000000000000e+00 -9.312500000000000000e+00
0.000000000000000000e+00 -3.232758620689655249e+00 1.700000000000000000e+01 -1.312500000000000000e+00
9.000000000000000000e+00 5.767241379310345195e+00 2.000000000000000000e+01 1.687500000000000000e+00
0.000000000000000000e+00 -3.232758620689655249e+00 2.400000000000000000e+01 5.687500000000000000e+00
5.000000000000000000e+00 1.767241379310344751e+00 5.000000000000000000e+00 -1.331250000000000000e+01
5.000000000000000000e+00 1.767241379310344751e+00 2.700000000000000000e+01 8.687500000000000000e+00
0.000000000000000000e+00 -3.232758620689655249e+00 1.400000000000000000e+01 -4.312500000000000000e+00
2.000000000000000000e+00 -1.232758620689655249e+00 4.400000000000000000e+01 2.568750000000000000e+01
2.400000000000000000e+01 2.076724137931034520e+01 4.400000000000000000e+01 2.568750000000000000e+01
1.100000000000000000e+01 7.767241379310345195e+00 1.600000000000000000e+01 -2.312500000000000000e+00
0.000000000000000000e+00 -3.232758620689655249e+00 2.500000000000000000e+01 6.687500000000000000e+00
0.000000000000000000e+00 -3.232758620689655249e+00 1.400000000000000000e+01 -4.312500000000000000e+00
0.000000000000000000e+00 -3.232758620689655249e+00 1.300000000000000000e+01 -5.312500000000000000e+00
0.000000000000000000e+00 -3.232758620689655249e+00 5.000000000000000000e+00 -1.331250000000000000e+01
4.000000000000000000e+00 7.672413793103447510e-01 9.000000000000000000e+00 -9.312500000000000000e+00
0.000000000000000000e+00 -3.232758620689655249e+00 2.000000000000000000e+00 -1.631250000000000000e+01
2.000000000000000000e+00 -1.232758620689655249e+00 2.000000000000000000e+00 -1.631250000000000000e+01
0.000000000000000000e+00 -3.232758620689655249e+00 3.000000000000000000e+01 1.168750000000000000e+01
0.000000000000000000e+00 -3.232758620689655249e+00 2.100000000000000000e+01 2.687500000000000000e+00
0.000000000000000000e+00 -3.232758620689655249e+00 2.000000000000000000e+00 -1.631250000000000000e+01
-1.000000000000000000e+00 -4.232758620689654805e+00 2.300000000000000000e+01 4.687500000000000000e+00
0.000000000000000000e+00 -3.232758620689655249e+00 9.000000000000000000e+00 -9.312500000000000000e+00
1.200000000000000000e+01 8.767241379310345195e+00 2.400000000000000000e+01 5.687500000000000000e+00
0.000000000000000000e+00 -3.232758620689655249e+00 5.000000000000000000e+00 -1.331250000000000000e+01
0.000000000000000000e+00 -3.232758620689655249e+00 2.100000000000000000e+01 2.687500000000000000e+00
8.000000000000000000e+00 4.767241379310345195e+00 9.000000000000000000e+00 -9.312500000000000000e+00
1.100000000000000000e+01 7.767241379310345195e+00 2.700000000000000000e+01 8.687500000000000000e+00
5.000000000000000000e+00 1.767241379310344751e+00 2.000000000000000000e+01 1.687500000000000000e+00
2.000000000000000000e+00 -1.232758620689655249e+00 1.200000000000000000e+01 -6.312500000000000000e+00
0.000000000000000000e+00 -3.232758620689655249e+00 1.400000000000000000e+01 -4.312500000000000000e+00
2.000000000000000000e+00 -1.232758620689655249e+00 1.900000000000000000e+01 6.875000000000000000e-01
1.600000000000000000e+01 1.276724137931034520e+01 2.100000000000000000e+01 2.687500000000000000e+00
1.000000000000000000e+00 -2.232758620689655249e+00 9.000000000000000000e+00 -9.312500000000000000e+00
5.000000000000000000e+00 1.767241379310344751e+00 1.600000000000000000e+01 -2.312500000000000000e+00
1.500000000000000000e+01 1.176724137931034520e+01 1.500000000000000000e+01 -3.312500000000000000e+00
0.000000000000000000e+00 -3.232758620689655249e+00 3.000000000000000000e+01 1.168750000000000000e+01
6.000000000000000000e+00 2.767241379310344751e+00 2.000000000000000000e+01 1.687500000000000000e+00
0.000000000000000000e+00 -3.232758620689655249e+00 1.400000000000000000e+01 -4.312500000000000000e+00
1.000000000000000000e+01 6.767241379310345195e+00 2.900000000000000000e+01 1.068750000000000000e+01
1.100000000000000000e+01 7.767241379310345195e+00 1.700000000000000000e+01 -1.312500000000000000e+00
5.000000000000000000e+00 1.767241379310344751e+00 1.000000000000000000e+01 -8.312500000000000000e+00
0.000000000000000000e+00 -3.232758620689655249e+00 1.400000000000000000e+01 -4.312500000000000000e+00
1.500000000000000000e+01 1.176724137931034520e+01 2.900000000000000000e+01 1.068750000000000000e+01
1.800000000000000000e+01 1.476724137931034520e+01 3.400000000000000000e+01 1.568750000000000000e+01
0.000000000000000000e+00 -3.232758620689655249e+00 2.400000000000000000e+01 5.687500000000000000e+00
0.000000000000000000e+00 -3.232758620689655249e+00 3.000000000000000000e+00 -1.531250000000000000e+01
4.000000000000000000e+00 7.672413793103447510e-01 2.500000000000000000e+01 6.687500000000000000e+00
0.000000000000000000e+00 -3.232758620689655249e+00 3.400000000000000000e+01 1.568750000000000000e+01
0.000000000000000000e+00 -3.232758620689655249e+00 1.600000000000000000e+01 -2.312500000000000000e+00
9.000000000000000000e+00 5.767241379310345195e+00 9.000000000000000000e+00 -9.312500000000000000e+00
0.000000000000000000e+00 -3.232758620689655249e+00 1.700000000000000000e+01 -1.312500000000000000e+00
0.000000000000000000e+00 -3.232758620689655249e+00 9.000000000000000000e+00 -9.312500000000000000e+00
0.000000000000000000e+00 -3.232758620689655249e+00 1.500000000000000000e+01 -3.312500000000000000e+00
0.000000000000000000e+00 -3.232758620689655249e+00 2.900000000000000000e+01 1.068750000000000000e+01
0.000000000000000000e+00 -3.232758620689655249e+00 1.500000000000000000e+01 -3.312500000000000000e+00
0.000000000000000000e+00 -3.232758620689655249e+00 2.100000000000000000e+01 2.687500000000000000e+00
0.000000000000000000e+00 -3.232758620689655249e+00 1.600000000000000000e+01 -2.312500000000000000e+00
0.000000000000000000e+00 -3.232758620689655249e+00 1.500000000000000000e+01 -3.312500000000000000e+00
0.000000000000000000e+00 -3.232758620689655249e+00 2.000000000000000000e+00 -1.631250000000000000e+01
1.900000000000000000e+01 1.576724137931034520e+01 2.900000000000000000e+01 1.068750000000000000e+01
0.000000000000000000e+00 -3.232758620689655249e+00 9.000000000000000000e+00 -9.312500000000000000e+00
0.000000000000000000e+00 -3.232758620689655249e+00 9.000000000000000000e+00 -9.312500000000000000e+00
1.300000000000000000e+01 9.767241379310345195e+00 1.500000000000000000e+01 -3.312500000000000000e+00
0.000000000000000000e+00 -3.232758620689655249e+00 1.500000000000000000e+01 -3.312500000000000000e+00
3.000000000000000000e+00 -2.327586206896552490e-01 1.200000000000000000e+01 -6.312500000000000000e+00
8.000000000000000000e+00 4.767241379310345195e+00 1.500000000000000000e+01 -3.312500000000000000e+00
0.000000000000000000e+00 -3.232758620689655249e+00 1.300000000000000000e+01 -5.312500000000000000e+00
0.000000000000000000e+00 -3.232758620689655249e+00 2.400000000000000000e+01 5.687500000000000000e+00
8.000000000000000000e+00 4.767241379310345195e+00 3.400000000000000000e+01 1.568750000000000000e+01
0.000000000000000000e+00 -3.232758620689655249e+00 3.400000000000000000e+01 1.568750000000000000e+01
0.000000000000000000e+00 -3.232758620689655249e+00 2.900000000000000000e+01 1.068750000000000000e+01
0.000000000000000000e+00 -3.232758620689655249e+00 3.000000000000000000e+01 1.168750000000000000e+01
0.000000000000000000e+00 -3.232758620689655249e+00 3.000000000000000000e+00 -1.531250000000000000e+01
6.000000000000000000e+00 2.767241379310344751e+00 3.000000000000000000e+01 1.168750000000000000e+01
0.000000000000000000e+00 -3.232758620689655249e+00 2.000000000000000000e+00 -1.631250000000000000e+01
0.000000000000000000e+00 -3.232758620689655249e+00 1.000000000000000000e+01 -8.312500000000000000e+00
7.000000000000000000e+00 3.767241379310344751e+00 4.400000000000000000e+01 2.568750000000000000e+01
7.000000000000000000e+00 3.767241379310344751e+00 1.100000000000000000e+01 -7.312500000000000000e+00
0.000000000000000000e+00 -3.232758620689655249e+00 1.600000000000000000e+01 -2.312500000000000000e+00
0.000000000000000000e+00 -3.232758620689655249e+00 5.000000000000000000e+00 -1.331250000000000000e+01
8.000000000000000000e+00 4.767241379310345195e+00 1.300000000000000000e+01 -5.312500000000000000e+00
