2.900000000000000000e+01 2.304938271604938294e+01 2.900000000000000000e+01 1.393750000000000000e+01
2.100000000000000000e+01 1.520987654320987659e+01 1.300000000000000000e+01 -1.656250000000000000e+00
1.500000000000000000e+01 9.041152263374488740e+00 1.233333333333333393e+01 -2.749999999999996447e+00
1.750000000000000000e+01 1.130967078189300423e+01 2.050000000000000000e+01 4.841145833333332149e+00
1.619999999999999929e+01 9.970370370370368107e+00 1.380000000000000071e+01 -1.946875000000000355e+00
1.533333333333333393e+01 9.000000000000000000e+00 1.333333333333333393e+01 -2.733333333333328952e+00
1.528571428571428648e+01 8.971781305114641114e+00 1.766666666666666785e+01 1.626488095238102005e+00
1.575000000000000000e+01 9.392636684303351302e+00 1.625000000000000000e+01 1.478794642857153008e-01
1.588888888888888928e+01 9.586008230452675249e+00 1.188888888888888928e+01 -4.023263888888886086e+00
1.480000000000000071e+01 8.579797979797980645e+00 1.369999999999999929e+01 -2.049147727272728758e+00
1.200000000000000000e+01 6.049382716049382935e+00 1.200000000000000000e+01 -3.062500000000000000e+00
1.800000000000000000e+01 1.220987654320987659e+01 1.650000000000000000e+01 1.843750000000000000e+00
1.800000000000000000e+01 1.204115226337448874e+01 1.566666666666666607e+01 5.833333333333357018e-01
2.025000000000000000e+01 1.405967078189300423e+01 2.325000000000000000e+01 7.591145833333332149e+00
2.039999999999999858e+01 1.417037037037036740e+01 2.060000000000000142e+01 4.853125000000000355e+00
2.116666666666666785e+01 1.483333333333333215e+01 1.639999999999999858e+01 3.333333333333357018e-01
2.014285714285714235e+01 1.382892416225749699e+01 1.483333333333333393e+01 -1.206845238095231920e+00
2.000000000000000000e+01 1.364263668430335130e+01 1.742857142857142705e+01 1.326450892857142350e+00
1.744444444444444287e+01 1.107921810699588150e+01 1.125000000000000000e+01 -4.821614583333335702e+00
1.680000000000000071e+01 1.057979797979798064e+01 1.630000000000000071e+01 5.508522727272726627e-01
0.000000000000000000e+00 -5.950617283950617065e+00 1.700000000000000000e+01 1.937500000000000000e+00
0.000000000000000000e+00 -5.790123456790123413e+00 1.850000000000000000e+01 3.843750000000000000e+00
0.000000000000000000e+00 -5.958847736625512148e+00 2.000000000000000000e+01 4.916666666666669627e+00
0.000000000000000000e+00 -6.229629629629630294e+00 2.300000000000000000e+01 7.253124999999998934e+00
0.000000000000000000e+00 -6.333333333333334814e+00 1.333333333333333393e+01 -2.733333333333328952e+00
0.000000000000000000e+00 -6.313932980599645362e+00 2.050000000000000000e+01 4.459821428571434154e+00
0.000000000000000000e+00 -6.357363315696648698e+00 1.762500000000000000e+01 1.522879464285715301e+00
0.000000000000000000e+00 -6.365226337448560479e+00 1.537500000000000000e+01 -6.966145833333357018e-01
0.000000000000000000e+00 -6.302880658436214034e+00 1.711111111111111072e+01 1.198958333333335347e+00
0.000000000000000000e+00 -6.220202020202020954e+00 1.459999999999999964e+01 -1.149147727272728403e+00
6.000000000000000000e+00 4.938271604938293535e-02 6.000000000000000000e+00 -9.062500000000000000e+00
1.050000000000000000e+01 4.709876543209876587e+00 1.350000000000000000e+01 -1.156250000000000000e+00
1.266666666666666607e+01 6.707818930041153926e+00 1.333333333333333393e+01 -1.749999999999996447e+00
1.750000000000000000e+01 1.130967078189300423e+01 2.025000000000000000e+01 4.591145833333332149e+00
1.719999999999999929e+01 1.097037037037036811e+01 1.519999999999999929e+01 -5.468750000000017764e-01
1.533333333333333393e+01 9.000000000000000000e+00 1.900000000000000000e+01 2.933333333333337123e+00
1.628571428571428470e+01 9.971781305114639338e+00 1.457142857142857117e+01 -1.468749999999994671e+00
1.687500000000000000e+01 1.050977366255143863e+01 1.700000000000000000e+01 9.283854166666642982e-01
1.622222222222222143e+01 9.919341563786007399e+00 1.422222222222222143e+01 -1.689930555555553937e+00
1.509999999999999964e+01 8.879797979797977803e+00 1.280000000000000071e+01 -2.949147727272727337e+00
1.400000000000000000e+01 8.049382716049382935e+00 1.400000000000000000e+01 -1.062500000000000000e+00
1.550000000000000000e+01 9.709876543209876587e+00 1.950000000000000000e+01 4.843750000000000000e+00
1.900000000000000000e+01 1.304115226337448874e+01 1.633333333333333215e+01 1.250000000000001776e+00
1.500000000000000000e+01 8.809670781893004232e+00 1.375000000000000000e+01 -1.908854166666667851e+00
1.459999999999999964e+01 8.370370370370370239e+00 1.475000000000000000e+01 -9.968750000000010658e-01
1.433333333333333393e+01 7.999999999999999112e+00 1.416666666666666607e+01 -1.899999999999996803e+00
1.528571428571428648e+01 8.928350970017637778e+00 1.700000000000000000e+01 8.978794642857153008e-01
1.412500000000000000e+01 7.759773662551439521e+00 1.588888888888888928e+01 -1.827256944444464182e-01
1.255555555555555536e+01 6.252674897119341324e+00 1.789999999999999858e+01 1.987847222222223209e+00
1.130000000000000071e+01 5.079797979797979757e+00 1.450000000000000000e+01 -1.249147727272728048e+00
0.000000000000000000e+00 -5.950617283950617065e+00 9.000000000000000000e+00 -6.062500000000000000e+00
0.000000000000000000e+00 -5.790123456790123413e+00 2.050000000000000000e+01 5.843750000000000000e+00
0.000000000000000000e+00 -5.958847736625512148e+00 1.133333333333333393e+01 -3.749999999999996447e+00
0.000000000000000000e+00 -6.190329218106994880e+00 1.700000000000000000e+01 1.341145833333332149e+00
-4.000000000000000222e-01 -6.629629629629630649e+00 1.380000000000000071e+01 -1.946875000000000355e+00
-3.333333333333333148e-01 -6.666666666666667851e+00 1.519999999999999929e+01 -8.666666666666635876e-01
-2.857142857142856984e-01 -6.599647266313930949e+00 1.842857142857142705e+01 2.388392857142861203e+00
-5.000000000000000000e-01 -6.857363315696648698e+00 1.828571428571428470e+01 2.183593750000000000e+00
-4.444444444444444198e-01 -6.747325102880658676e+00 2.077777777777777857e+01 4.865625000000003197e+00
-2.999999999999999889e-01 -6.520202020202020776e+00 1.950000000000000000e+01 3.750852272727271952e+00
0.000000000000000000e+00 -5.950617283950617065e+00 1.500000000000000000e+01 -6.250000000000000000e-02
0.000000000000000000e+00 -5.790123456790123413e+00 1.550000000000000000e+01 8.437500000000000000e-01
0.000000000000000000e+00 -5.958847736625512148e+00 1.133333333333333393e+01 -3.749999999999996447e+00
0.000000000000000000e+00 -6.190329218106994880e+00 1.650000000000000000e+01 8.411458333333321491e-01
0.000000000000000000e+00 -6.229629629629630294e+00 1.760000000000000142e+01 1.853125000000000355e+00
0.000000000000000000e+00 -6.313932980599645362e+00 1.114285714285714235e+01 -4.897321428571423496e+00
0.000000000000000000e+00 -6.357363315696648698e+00 1.550000000000000000e+01 -6.021205357142846992e-01
0.000000000000000000e+00 -6.365226337448560479e+00 1.755555555555555713e+01 1.483940972222221433e+00
0.000000000000000000e+00 -6.302880658436214034e+00 1.366666666666666607e+01 -2.245486111111109295e+00
0.000000000000000000e+00 -6.220202020202020954e+00 1.450000000000000000e+01 -1.249147727272728048e+00
0.000000000000000000e+00 -5.950617283950617065e+00 1.500000000000000000e+01 -6.250000000000000000e-02
0.000000000000000000e+00 -5.790123456790123413e+00 1.050000000000000000e+01 -4.156250000000000000e+00
0.000000000000000000e+00 -5.958847736625512148e+00 1.733333333333333215e+01 2.250000000000001776e+00
0.000000000000000000e+00 -6.190329218106994880e+00 1.325000000000000000e+01 -2.408854166666667851e+00
2.799999999999999822e+00 -3.429629629629630472e+00 1.119999999999999929e+01 -4.546875000000001776e+00
5.166666666666666963e+00 -1.166666666666667851e+00 1.300000000000000000e+01 -3.066666666666662877e+00
6.571428571428571175e+00 2.574955908289258133e-01 1.357142857142857117e+01 -2.468749999999994671e+00
8.875000000000000000e+00 2.517636684303351302e+00 2.137500000000000000e+01 5.272879464285715301e+00
9.444444444444444642e+00 3.141563786008230608e+00 1.377777777777777857e+01 -2.134374999999996803e+00
9.199999999999999289e+00 2.979797979797978336e+00 1.140000000000000036e+01 -4.349147727272727693e+00
1.500000000000000000e+01 9.049382716049382935e+00 1.500000000000000000e+01 -6.250000000000000000e-02
1.350000000000000000e+01 7.709876543209876587e+00 1.050000000000000000e+01 -4.156250000000000000e+00
1.400000000000000000e+01 8.041152263374488740e+00 1.733333333333333215e+01 2.250000000000001776e+00
1.375000000000000000e+01 7.559670781893005120e+00 1.325000000000000000e+01 -2.408854166666667851e+00
1.100000000000000000e+01 4.770370370370369706e+00 1.119999999999999929e+01 -4.546875000000001776e+00
9.166666666666666075e+00 2.833333333333331261e+00 1.300000000000000000e+01 -3.066666666666662877e+00
7.857142857142856762e+00 1.543209876543211401e+00 1.357142857142857117e+01 -2.468749999999994671e+00
6.875000000000000000e+00 5.176366843033513021e-01 2.137500000000000000e+01 5.272879464285715301e+00
6.111111111111110716e+00 -1.917695473251033178e-01 1.377777777777777857e+01 -2.134374999999996803e+00
5.500000000000000000e+00 -7.202020202020209538e-01 1.140000000000000036e+01 -4.349147727272727693e+00
0.000000000000000000e+00 -5.950617283950617065e+00 1.400000000000000000e+01 -1.062500000000000000e+00
0.000000000000000000e+00 -5.790123456790123413e+00 9.000000000000000000e+00 -5.656250000000000000e+00
0.000000000000000000e+00 -5.958847736625512148e+00 1.733333333333333215e+01 2.250000000000001776e+00
0.000000000000000000e+00 -6.190329218106994880e+00 1.500000000000000000e+01 -6.588541666666678509e-01
2.200000000000000178e+00 -4.029629629629630116e+00 1.280000000000000071e+01 -2.946875000000000355e+00
1.833333333333333259e+00 -4.500000000000001776e+00 9.666666666666666075e+00 -6.399999999999996803e+00
1.571428571428571397e+00 -4.742504409171074187e+00 1.500000000000000000e+01 -1.040178571428565846e+00
1.375000000000000000e+00 -4.982363315696648698e+00 1.900000000000000000e+01 2.897879464285715301e+00
1.222222222222222321e+00 -5.143004115226338158e+00 2.000000000000000000e+01 3.928385416666664298e+00
1.100000000000000089e+00 -5.120202020202020421e+00 1.950000000000000000e+01 3.750852272727271952e+00
0.000000000000000000e+00 -5.950617283950617065e+00 8.000000000000000000e+00 -7.062500000000000000e+00
9.000000000000000000e+00 3.209876543209876587e+00 1.750000000000000000e+01 2.843750000000000000e+00
1.500000000000000000e+01 9.041152263374488740e+00 2.033333333333333215e+01 5.250000000000001776e+00
1.250000000000000000e+01 6.309670781893005120e+00 1.450000000000000000e+01 -1.158854166666667851e+00
1.380000000000000071e+01 7.570370370370370416e+00 1.800000000000000000e+01 2.253124999999998934e+00
1.416666666666666607e+01 7.833333333333331261e+00 1.839999999999999858e+01 2.333333333333335702e+00
1.228571428571428648e+01 5.971781305114641114e+00 1.557142857142857117e+01 -4.687499999999946709e-01
1.075000000000000000e+01 4.392636684303351302e+00 1.475000000000000000e+01 -1.352120535714284699e+00
9.555555555555555358e+00 3.190329218106994880e+00 1.311111111111111072e+01 -2.960503472222224985e+00
8.599999999999999645e+00 2.379797979797978691e+00 1.750000000000000000e+01 1.750852272727271952e+00
0.000000000000000000e+00 -5.950617283950617065e+00 1.800000000000000000e+01 2.937500000000000000e+00
0.000000000000000000e+00 -5.790123456790123413e+00 1.450000000000000000e+01 -1.562500000000000000e-01
0.000000000000000000e+00 -5.958847736625512148e+00 1.033333333333333393e+01 -4.749999999999996447e+00
2.500000000000000000e-01 -5.979629629629630294e+00 1.219999999999999929e+01 -3.546875000000001776e+00
2.000000000000000111e-01 -6.133333333333334636e+00 1.750000000000000000e+01 1.433333333333337123e+00
1.666666666666666574e-01 -6.147266313932978399e+00 1.257142857142857117e+01 -3.468749999999994671e+00
1.428571428571428492e-01 -6.214506172839505460e+00 1.500000000000000000e+01 -1.102120535714284699e+00
1.250000000000000000e-01 -6.240226337448560479e+00 1.611111111111111072e+01 3.949652777777501456e-02
1.111111111111111049e-01 -6.191769547325103318e+00 1.277777777777777857e+01 -3.134374999999996803e+00
1.000000000000000056e-01 -6.120202020202021309e+00 1.730000000000000071e+01 1.550852272727272663e+00
0.000000000000000000e+00 -5.950617283950617065e+00 6.000000000000000000e+00 -9.062500000000000000e+00
0.000000000000000000e+00 -5.790123456790123413e+00 1.350000000000000000e+01 -1.156250000000000000e+00
0.000000000000000000e+00 -5.958847736625512148e+00 1.566666666666666607e+01 5.833333333333357018e-01
0.000000000000000000e+00 -6.229629629629630294e+00 2.119999999999999929e+01 5.453124999999998224e+00
0.000000000000000000e+00 -6.333333333333334814e+00 1.233333333333333393e+01 -3.733333333333328952e+00
0.000000000000000000e+00 -6.313932980599645362e+00 1.700000000000000000e+01 9.598214285714341543e-01
0.000000000000000000e+00 -6.357363315696648698e+00 1.385714285714285765e+01 -2.244977678571427049e+00
0.000000000000000000e+00 -6.365226337448560479e+00 1.325000000000000000e+01 -2.821614583333335702e+00
0.000000000000000000e+00 -6.302880658436214034e+00 1.466666666666666607e+01 -1.245486111111109295e+00
0.000000000000000000e+00 -6.220202020202020954e+00 1.719999999999999929e+01 1.450852272727271242e+00
0.000000000000000000e+00 -5.950617283950617065e+00 1.600000000000000000e+01 9.375000000000000000e-01
0.000000000000000000e+00 -5.790123456790123413e+00 1.200000000000000000e+01 -2.656250000000000000e+00
0.000000000000000000e+00 -5.958847736625512148e+00 1.366666666666666607e+01 -1.416666666666664298e+00
0.000000000000000000e+00 -6.190329218106994880e+00 1.800000000000000000e+01 2.341145833333332149e+00
0.000000000000000000e+00 -6.229629629629630294e+00 2.100000000000000000e+01 5.253124999999998934e+00
0.000000000000000000e+00 -6.333333333333334814e+00 1.660000000000000142e+01 5.333333333333385440e-01
0.000000000000000000e+00 -6.313932980599645362e+00 1.571428571428571352e+01 -3.258928571428523213e-01
0.000000000000000000e+00 -6.357363315696648698e+00 1.650000000000000000e+01 3.978794642857153008e-01
0.000000000000000000e+00 -6.365226337448560479e+00 1.722222222222222143e+01 1.150607638888885731e+00
0.000000000000000000e+00 -6.302880658436214034e+00 1.989999999999999858e+01 3.987847222222223209e+00
0.000000000000000000e+00 -6.220202020202020954e+00 1.430000000000000071e+01 -1.449147727272727337e+00
2.500000000000000000e+01 1.904938271604938294e+01 2.500000000000000000e+01 9.937500000000000000e+00
2.150000000000000000e+01 1.570987654320987659e+01 1.700000000000000000e+01 2.343750000000000000e+00
2.466666666666666785e+01 1.870781893004115659e+01 2.200000000000000000e+01 6.916666666666669627e+00
2.575000000000000000e+01 1.955967078189300423e+01 1.500000000000000000e+01 -6.588541666666678509e-01
2.460000000000000142e+01 1.837037037037037024e+01 1.440000000000000036e+01 -1.346875000000000711e+00
2.433333333333333215e+01 1.799999999999999645e+01 1.566666666666666607e+01 -3.999999999999968026e-01
2.357142857142857295e+01 1.725749559082892759e+01 1.733333333333333215e+01 1.293154761904766303e+00
2.387500000000000000e+01 1.751763668430335130e+01 1.537500000000000000e+01 -7.271205357142846992e-01
2.455555555555555713e+01 1.819032921810699577e+01 1.700000000000000000e+01 9.283854166666642982e-01
2.400000000000000000e+01 1.777979797979797993e+01 1.550000000000000000e+01 -2.491477272727280479e-01
0.000000000000000000e+00 -5.950617283950617065e+00 1.600000000000000000e+01 9.375000000000000000e-01
0.000000000000000000e+00 -5.790123456790123413e+00 1.150000000000000000e+01 -3.156250000000000000e+00
5.000000000000000000e+00 -9.588477366255121481e-01 1.833333333333333215e+01 3.250000000000001776e+00
6.750000000000000000e+00 5.596707818930051204e-01 1.600000000000000000e+01 3.411458333333321491e-01
6.200000000000000178e+00 -2.962962962963011648e-02 1.359999999999999964e+01 -2.146875000000001421e+00
8.166666666666666075e+00 1.833333333333331261e+00 1.650000000000000000e+01 4.333333333333371229e-01
8.000000000000000000e+00 1.686067019400354638e+00 1.500000000000000000e+01 -1.040178571428565846e+00
8.250000000000000000e+00 1.892636684303351302e+00 1.328571428571428648e+01 -2.816406249999998224e+00
9.111111111111110716e+00 2.745884773662550238e+00 1.550000000000000000e+01 -5.716145833333357018e-01
9.300000000000000711e+00 2.997119341563786676e+00 1.480000000000000071e+01 -1.112152777777774659e+00
1.500000000000000000e+01 9.049382716049382935e+00 1.500000000000000000e+01 -6.250000000000000000e-02
1.500000000000000000e+01 9.209876543209876587e+00 1.550000000000000000e+01 8.437500000000000000e-01
1.633333333333333215e+01 1.037448559670782089e+01 1.133333333333333393e+01 -3.749999999999996447e+00
1.700000000000000000e+01 1.080967078189300423e+01 1.650000000000000000e+01 8.411458333333321491e-01
1.680000000000000071e+01 1.057037037037036953e+01 1.760000000000000142e+01 1.853125000000000355e+00
1.733333333333333215e+01 1.101940035273368679e+01 1.114285714285714235e+01 -4.897321428571423496e+00
1.828571428571428470e+01 1.192835097001763600e+01 1.550000000000000000e+01 -6.021205357142846992e-01
1.812500000000000000e+01 1.175977366255143863e+01 1.755555555555555713e+01 1.483940972222221433e+00
1.800000000000000000e+01 1.169711934156378597e+01 1.366666666666666607e+01 -2.245486111111109295e+00
1.760000000000000142e+01 1.137979797979798136e+01 1.450000000000000000e+01 -1.249147727272728048e+00
0.000000000000000000e+00 -5.950617283950617065e+00 6.000000000000000000e+00 -9.062500000000000000e+00
0.000000000000000000e+00 -5.790123456790123413e+00 1.350000000000000000e+01 -1.156250000000000000e+00
0.000000000000000000e+00 -5.958847736625512148e+00 1.333333333333333393e+01 -1.749999999999996447e+00
0.000000000000000000e+00 -6.190329218106994880e+00 2.025000000000000000e+01 4.591145833333332149e+00
0.000000000000000000e+00 -6.229629629629630294e+00 1.519999999999999929e+01 -5.468750000000017764e-01
3.333333333333333148e-01 -6.000000000000001776e+00 1.900000000000000000e+01 2.933333333333337123e+00
2.857142857142856984e-01 -6.028218694885359774e+00 1.457142857142857117e+01 -1.468749999999994671e+00
2.500000000000000000e-01 -6.115226337448560479e+00 1.700000000000000000e+01 9.283854166666642982e-01
2.222222222222222099e-01 -6.080658436213991713e+00 1.422222222222222143e+01 -1.689930555555553937e+00
2.000000000000000111e-01 -6.020202020202020776e+00 1.280000000000000071e+01 -2.949147727272727337e+00
0.000000000000000000e+00 -5.950617283950617065e+00 1.300000000000000000e+01 -2.062500000000000000e+00
0.000000000000000000e+00 -5.790123456790123413e+00 1.550000000000000000e+01 8.437500000000000000e-01
3.000000000000000000e+00 -2.958847736625512148e+00 1.266666666666666607e+01 -2.416666666666664298e+00
6.750000000000000000e+00 5.596707818930051204e-01 1.600000000000000000e+01 3.411458333333321491e-01
8.400000000000000355e+00 2.170370370370370061e+00 1.819999999999999929e+01 2.453124999999998224e+00
1.000000000000000000e+01 3.666666666666665186e+00 1.500000000000000000e+01 -1.066666666666662877e+00
9.857142857142857650e+00 3.499779541446208952e+00 1.300000000000000000e+01 -3.102120535714284699e+00
1.050000000000000000e+01 4.134773662551439521e+00 1.475000000000000000e+01 -1.321614583333335702e+00
9.333333333333333925e+00 3.030452674897119891e+00 1.655555555555555713e+01 6.434027777777817647e-01
8.400000000000000355e+00 2.179797979797979401e+00 1.989999999999999858e+01 4.150852272727270531e+00
0.000000000000000000e+00 -5.950617283950617065e+00 1.300000000000000000e+01 -2.062500000000000000e+00
0.000000000000000000e+00 -5.790123456790123413e+00 1.450000000000000000e+01 -1.562500000000000000e-01
0.000000000000000000e+00 -5.958847736625512148e+00 1.733333333333333215e+01 2.250000000000001776e+00
0.000000000000000000e+00 -6.190329218106994880e+00 1.425000000000000000e+01 -1.408854166666667851e+00
0.000000000000000000e+00 -6.333333333333334814e+00 1.350000000000000000e+01 -2.566666666666662877e+00
0.000000000000000000e+00 -6.313932980599645362e+00 1.671428571428571530e+01 6.741071428571494550e-01
0.000000000000000000e+00 -6.357363315696648698e+00 1.637500000000000000e+01 2.728794642857153008e-01
0.000000000000000000e+00 -6.365226337448560479e+00 1.711111111111111072e+01 1.039496527777775015e+00
0.000000000000000000e+00 -6.302880658436214034e+00 1.144444444444444464e+01 -4.467708333333330728e+00
0.000000000000000000e+00 -6.220202020202020954e+00 1.359999999999999964e+01 -2.149147727272728403e+00
0.000000000000000000e+00 -5.950617283950617065e+00 1.700000000000000000e+01 1.937500000000000000e+00
0.000000000000000000e+00 -5.790123456790123413e+00 1.700000000000000000e+01 2.343750000000000000e+00
0.000000000000000000e+00 -5.958847736625512148e+00 1.900000000000000000e+01 3.916666666666669627e+00
0.000000000000000000e+00 -6.190329218106994880e+00 1.325000000000000000e+01 -2.408854166666667851e+00
0.000000000000000000e+00 -6.229629629629630294e+00 1.739999999999999858e+01 1.653124999999997513e+00
0.000000000000000000e+00 -6.333333333333334814e+00 1.616666666666666785e+01 1.000000000000049738e-01
0.000000000000000000e+00 -6.313932980599645362e+00 1.383333333333333393e+01 -2.206845238095231920e+00
0.000000000000000000e+00 -6.357363315696648698e+00 1.437500000000000000e+01 -1.727120535714284699e+00
0.000000000000000000e+00 -6.302880658436214034e+00 1.466666666666666607e+01 -1.245486111111109295e+00
0.000000000000000000e+00 -6.220202020202020954e+00 1.409999999999999964e+01 -1.649147727272728403e+00
0.000000000000000000e+00 -5.950617283950617065e+00 1.300000000000000000e+01 -2.062500000000000000e+00
0.000000000000000000e+00 -5.790123456790123413e+00 1.200000000000000000e+01 -2.656250000000000000e+00
0.000000000000000000e+00 -5.958847736625512148e+00 1.766666666666666785e+01 2.583333333333337478e+00
0.000000000000000000e+00 -6.190329218106994880e+00 1.450000000000000000e+01 -1.158854166666667851e+00
0.000000000000000000e+00 -6.229629629629630294e+00 1.400000000000000000e+01 -1.746875000000001066e+00
0.000000000000000000e+00 -6.333333333333334814e+00 1.383333333333333393e+01 -2.233333333333328952e+00
0.000000000000000000e+00 -6.313932980599645362e+00 1.385714285714285765e+01 -2.183035714285708195e+00
0.000000000000000000e+00 -6.357363315696648698e+00 1.537500000000000000e+01 -7.271205357142846992e-01
0.000000000000000000e+00 -6.365226337448560479e+00 1.912500000000000000e+01 3.053385416666664298e+00
0.000000000000000000e+00 -6.220202020202020954e+00 1.290000000000000036e+01 -2.849147727272727693e+00
1.700000000000000000e+01 1.104938271604938294e+01 1.700000000000000000e+01 1.937500000000000000e+00
2.100000000000000000e+01 1.520987654320987659e+01 1.700000000000000000e+01 2.343750000000000000e+00
1.933333333333333215e+01 1.337448559670782089e+01 1.900000000000000000e+01 3.916666666666669627e+00
1.850000000000000000e+01 1.230967078189300423e+01 1.325000000000000000e+01 -2.408854166666667851e+00
1.900000000000000000e+01 1.277037037037036882e+01 1.739999999999999858e+01 1.653124999999997513e+00
1.933333333333333215e+01 1.299999999999999645e+01 1.616666666666666785e+01 1.000000000000049738e-01
1.757142857142857295e+01 1.125749559082892759e+01 1.383333333333333393e+01 -2.206845238095231920e+00
1.800000000000000000e+01 1.164263668430335130e+01 1.437500000000000000e+01 -1.727120535714284699e+00
1.688888888888888928e+01 1.058600823045267525e+01 1.466666666666666607e+01 -1.245486111111109295e+00
1.750000000000000000e+01 1.127979797979797993e+01 1.409999999999999964e+01 -1.649147727272728403e+00
0.000000000000000000e+00 -5.950617283950617065e+00 2.200000000000000000e+01 6.937500000000000000e+00
0.000000000000000000e+00 -5.790123456790123413e+00 2.000000000000000000e+01 5.343750000000000000e+00
0.000000000000000000e+00 -5.958847736625512148e+00 1.766666666666666785e+01 2.583333333333337478e+00
0.000000000000000000e+00 -6.229629629629630294e+00 1.900000000000000000e+01 3.253124999999998934e+00
0.000000000000000000e+00 -6.333333333333334814e+00 2.066666666666666785e+01 4.600000000000004974e+00
0.000000000000000000e+00 -6.313932980599645362e+00 1.457142857142857117e+01 -1.468749999999994671e+00
0.000000000000000000e+00 -6.357363315696648698e+00 1.587500000000000000e+01 -2.271205357142846992e-01
0.000000000000000000e+00 -6.365226337448560479e+00 1.511111111111111072e+01 -9.605034722222249854e-01
0.000000000000000000e+00 -6.302880658436214034e+00 1.688888888888888928e+01 9.767361111111139138e-01
0.000000000000000000e+00 -6.220202020202020954e+00 1.710000000000000142e+01 1.350852272727273373e+00
0.000000000000000000e+00 -5.950617283950617065e+00 1.900000000000000000e+01 3.937500000000000000e+00
0.000000000000000000e+00 -5.790123456790123413e+00 1.300000000000000000e+01 -1.656250000000000000e+00
0.000000000000000000e+00 -5.958847736625512148e+00 1.066666666666666607e+01 -4.416666666666664298e+00
3.250000000000000000e+00 -2.940329218106994880e+00 1.650000000000000000e+01 8.411458333333321491e-01
5.599999999999999645e+00 -6.296296296296306494e-01 1.800000000000000000e+01 2.253124999999998934e+00
6.166666666666666963e+00 -1.666666666666678509e-01 1.900000000000000000e+01 2.933333333333337123e+00
7.142857142857143238e+00 8.289241622574978763e-01 2.085714285714285765e+01 4.816964285714291805e+00
6.250000000000000000e+00 -1.073633156966486979e-01 1.562500000000000000e+01 -4.771205357142846992e-01
5.555555555555555358e+00 -7.473251028806586760e-01 1.639999999999999858e+01 4.878472222222232091e-01
5.000000000000000000e+00 -1.220202020202020954e+00 1.572727272727272663e+01 -2.187500000000142109e-02
0.000000000000000000e+00 -5.950617283950617065e+00 1.100000000000000000e+01 -4.062500000000000000e+00
0.000000000000000000e+00 -5.790123456790123413e+00 1.700000000000000000e+01 2.343750000000000000e+00
0.000000000000000000e+00 -5.958847736625512148e+00 1.333333333333333393e+01 -1.749999999999996447e+00
0.000000000000000000e+00 -6.190329218106994880e+00 1.050000000000000000e+01 -5.158854166666667851e+00
4.000000000000000222e-01 -5.829629629629629939e+00 1.300000000000000000e+01 -2.746875000000001066e+00
3.333333333333333148e-01 -6.000000000000001776e+00 1.700000000000000000e+01 9.333333333333371229e-01
2.857142857142856984e-01 -6.028218694885359774e+00 1.342857142857142883e+01 -2.611607142857137021e+00
1.000000000000000000e+00 -5.357363315696648698e+00 1.312500000000000000e+01 -2.977120535714284699e+00
2.222222222222222321e+00 -4.143004115226338158e+00 1.375000000000000000e+01 -2.321614583333335702e+00
3.600000000000000089e+00 -2.702880658436213945e+00 1.569999999999999929e+01 -2.121527777777760804e-01
0.000000000000000000e+00 -5.950617283950617065e+00 9.000000000000000000e+00 -6.062500000000000000e+00
0.000000000000000000e+00 -5.790123456790123413e+00 2.050000000000000000e+01 5.843750000000000000e+00
0.000000000000000000e+00 -5.958847736625512148e+00 1.133333333333333393e+01 -3.749999999999996447e+00
0.000000000000000000e+00 -6.190329218106994880e+00 1.700000000000000000e+01 1.341145833333332149e+00
0.000000000000000000e+00 -6.229629629629630294e+00 1.380000000000000071e+01 -1.946875000000000355e+00
0.000000000000000000e+00 -6.333333333333334814e+00 1.519999999999999929e+01 -8.666666666666635876e-01
0.000000000000000000e+00 -6.313932980599645362e+00 1.842857142857142705e+01 2.388392857142861203e+00
0.000000000000000000e+00 -6.357363315696648698e+00 1.828571428571428470e+01 2.183593750000000000e+00
0.000000000000000000e+00 -6.302880658436214034e+00 2.077777777777777857e+01 4.865625000000003197e+00
0.000000000000000000e+00 -6.220202020202020954e+00 1.950000000000000000e+01 3.750852272727271952e+00
0.000000000000000000e+00 -5.950617283950617065e+00 1.500000000000000000e+01 -6.250000000000000000e-02
0.000000000000000000e+00 -5.790123456790123413e+00 1.350000000000000000e+01 -1.156250000000000000e+00
0.000000000000000000e+00 -5.958847736625512148e+00 1.366666666666666607e+01 -1.416666666666664298e+00
0.000000000000000000e+00 -6.190329218106994880e+00 1.650000000000000000e+01 8.411458333333321491e-01
0.000000000000000000e+00 -6.229629629629630294e+00 1.459999999999999964e+01 -1.146875000000001421e+00
0.000000000000000000e+00 -6.333333333333334814e+00 2.000000000000000000e+01 3.933333333333337123e+00
0.000000000000000000e+00 -6.313932980599645362e+00 1.585714285714285765e+01 -1.830357142857081953e-01
0.000000000000000000e+00 -6.357363315696648698e+00 1.542857142857142883e+01 -6.735491071428558740e-01
0.000000000000000000e+00 -6.365226337448560479e+00 1.566666666666666607e+01 -4.049479166666696273e-01
0.000000000000000000e+00 -6.302880658436214034e+00 1.477777777777777857e+01 -1.134374999999996803e+00
1.300000000000000000e+01 7.049382716049382935e+00 1.300000000000000000e+01 -2.062500000000000000e+00
1.500000000000000000e+01 9.209876543209876587e+00 1.550000000000000000e+01 8.437500000000000000e-01
1.000000000000000000e+01 4.041152263374487852e+00 1.266666666666666607e+01 -2.416666666666664298e+00
7.500000000000000000e+00 1.309670781893005120e+00 1.600000000000000000e+01 3.411458333333321491e-01
6.000000000000000000e+00 -2.296296296296302941e-01 1.819999999999999929e+01 2.453124999999998224e+00
5.000000000000000000e+00 -1.333333333333334814e+00 1.500000000000000000e+01 -1.066666666666662877e+00
4.285714285714285587e+00 -2.071649029982363110e+00 1.300000000000000000e+01 -3.102120535714284699e+00
3.750000000000000000e+00 -2.615226337448560479e+00 1.475000000000000000e+01 -1.321614583333335702e+00
5.444444444444444642e+00 -8.584362139917693924e-01 1.655555555555555713e+01 6.434027777777817647e-01
6.799999999999999822e+00 5.797979797979788685e-01 1.989999999999999858e+01 4.150852272727270531e+00
0.000000000000000000e+00 -5.950617283950617065e+00 1.100000000000000000e+01 -4.062500000000000000e+00
0.000000000000000000e+00 -5.790123456790123413e+00 1.700000000000000000e+01 2.343750000000000000e+00
0.000000000000000000e+00 -5.958847736625512148e+00 1.333333333333333393e+01 -1.749999999999996447e+00
0.000000000000000000e+00 -6.190329218106994880e+00 1.050000000000000000e+01 -5.158854166666667851e+00
0.000000000000000000e+00 -6.229629629629630294e+00 1.300000000000000000e+01 -2.746875000000001066e+00
0.000000000000000000e+00 -6.333333333333334814e+00 1.700000000000000000e+01 9.333333333333371229e-01
0.000000000000000000e+00 -6.313932980599645362e+00 1.342857142857142883e+01 -2.611607142857137021e+00
0.000000000000000000e+00 -6.357363315696648698e+00 1.312500000000000000e+01 -2.977120535714284699e+00
1.111111111111111049e-01 -6.254115226337449762e+00 1.375000000000000000e+01 -2.321614583333335702e+00
1.000000000000000056e-01 -6.202880658436214389e+00 1.569999999999999929e+01 -2.121527777777760804e-01
1.000000000000000000e+00 -4.950617283950617065e+00 6.000000000000000000e+00 -9.062500000000000000e+00
5.000000000000000000e-01 -5.290123456790123413e+00 1.350000000000000000e+01 -1.156250000000000000e+00
3.333333333333333148e-01 -5.625514403292179111e+00 1.566666666666666607e+01 5.833333333333357018e-01
2.500000000000000000e-01 -5.979629629629630294e+00 2.119999999999999929e+01 5.453124999999998224e+00
2.000000000000000111e-01 -6.133333333333334636e+00 1.233333333333333393e+01 -3.733333333333328952e+00
1.666666666666666574e-01 -6.147266313932978399e+00 1.700000000000000000e+01 9.598214285714341543e-01
1.428571428571428492e-01 -6.214506172839505460e+00 1.385714285714285765e+01 -2.244977678571427049e+00
1.250000000000000000e-01 -6.240226337448560479e+00 1.325000000000000000e+01 -2.821614583333335702e+00
1.111111111111111049e-01 -6.191769547325103318e+00 1.466666666666666607e+01 -1.245486111111109295e+00
1.300000000000000044e+00 -4.920202020202021131e+00 1.719999999999999929e+01 1.450852272727271242e+00
0.000000000000000000e+00 -5.950617283950617065e+00 1.800000000000000000e+01 2.937500000000000000e+00
9.000000000000000000e+00 3.209876543209876587e+00 1.200000000000000000e+01 -2.656250000000000000e+00
1.000000000000000000e+01 4.041152263374487852e+00 1.533333333333333393e+01 2.500000000000035527e-01
1.025000000000000000e+01 4.059670781893005120e+00 1.300000000000000000e+01 -2.658854166666667851e+00
1.100000000000000000e+01 4.770370370370369706e+00 1.639999999999999858e+01 6.531249999999975131e-01
1.466666666666666607e+01 8.333333333333332149e+00 1.700000000000000000e+01 9.333333333333371229e-01
1.457142857142857117e+01 8.257495590828925813e+00 1.428571428571428648e+01 -1.754464285714279370e+00
1.325000000000000000e+01 6.892636684303351302e+00 1.514285714285714235e+01 -9.592633928571423496e-01
1.311111111111111072e+01 6.745884773662550238e+00 1.750000000000000000e+01 1.428385416666664298e+00
1.300000000000000000e+01 6.697119341563785966e+00 1.844444444444444287e+01 2.532291666666667496e+00
1.345454545454545503e+01 7.234343434343434076e+00 1.669999999999999929e+01 9.508522727272712416e-01
1.800000000000000000e+01 1.204938271604938294e+01 1.800000000000000000e+01 2.937500000000000000e+00
1.600000000000000000e+01 1.020987654320987659e+01 1.450000000000000000e+01 -1.562500000000000000e-01
1.433333333333333393e+01 8.374485596707820889e+00 1.033333333333333393e+01 -4.749999999999996447e+00
1.500000000000000000e+01 8.770370370370368818e+00 1.219999999999999929e+01 -3.546875000000001776e+00
1.559999999999999964e+01 9.266666666666665719e+00 1.750000000000000000e+01 1.433333333333337123e+00
1.383333333333333393e+01 7.519400352733688564e+00 1.257142857142857117e+01 -3.468749999999994671e+00
1.457142857142857117e+01 8.214065255731922477e+00 1.500000000000000000e+01 -1.102120535714284699e+00
1.450000000000000000e+01 8.134773662551438633e+00 1.611111111111111072e+01 3.949652777777501456e-02
1.255555555555555536e+01 6.252674897119341324e+00 1.277777777777777857e+01 -3.134374999999996803e+00
1.340000000000000036e+01 7.179797979797979401e+00 1.730000000000000071e+01 1.550852272727272663e+00
0.000000000000000000e+00 -5.950617283950617065e+00 9.000000000000000000e+00 -6.062500000000000000e+00
0.000000000000000000e+00 -5.790123456790123413e+00 1.950000000000000000e+01 4.843750000000000000e+00
0.000000000000000000e+00 -5.958847736625512148e+00 1.300000000000000000e+01 -2.083333333333330373e+00
0.000000000000000000e+00 -6.190329218106994880e+00 1.075000000000000000e+01 -4.908854166666667851e+00
0.000000000000000000e+00 -6.229629629629630294e+00 1.259999999999999964e+01 -3.146875000000001421e+00
0.000000000000000000e+00 -6.313932980599645362e+00 1.485714285714285765e+01 -1.183035714285708195e+00
0.000000000000000000e+00 -6.357363315696648698e+00 1.885714285714285765e+01 2.755022321428572951e+00
0.000000000000000000e+00 -6.365226337448560479e+00 2.066666666666666785e+01 4.595052083333332149e+00
0.000000000000000000e+00 -6.302880658436214034e+00 1.333333333333333393e+01 -2.578819444444441444e+00
0.000000000000000000e+00 -6.220202020202020954e+00 1.319999999999999929e+01 -2.549147727272728758e+00
1.700000000000000000e+01 1.104938271604938294e+01 1.700000000000000000e+01 1.937500000000000000e+00
1.400000000000000000e+01 8.209876543209876587e+00 1.300000000000000000e+01 -1.656250000000000000e+00
1.533333333333333393e+01 9.374485596707820889e+00 1.500000000000000000e+01 -8.333333333333037274e-02
1.625000000000000000e+01 1.005967078189300423e+01 2.000000000000000000e+01 4.341145833333332149e+00
1.559999999999999964e+01 9.370370370370370239e+00 1.500000000000000000e+01 -7.468750000000010658e-01
1.766666666666666785e+01 1.133333333333333215e+01 1.739999999999999858e+01 1.333333333333335702e+00
1.700000000000000000e+01 1.068606701940035464e+01 1.716666666666666785e+01 1.126488095238102005e+00
1.612500000000000000e+01 9.759773662551438633e+00 1.775000000000000000e+01 1.678385416666664298e+00
1.566666666666666607e+01 9.363786008230452040e+00 1.688888888888888928e+01 9.767361111111139138e-01
1.540000000000000036e+01 9.179797979797978513e+00 1.669999999999999929e+01 9.508522727272712416e-01
0.000000000000000000e+00 -5.950617283950617065e+00 1.700000000000000000e+01 1.937500000000000000e+00
0.000000000000000000e+00 -5.790123456790123413e+00 1.300000000000000000e+01 -1.656250000000000000e+00
0.000000000000000000e+00 -5.958847736625512148e+00 1.500000000000000000e+01 -8.333333333333037274e-02
0.000000000000000000e+00 -6.190329218106994880e+00 2.000000000000000000e+01 4.341145833333332149e+00
0.000000000000000000e+00 -6.229629629629630294e+00 1.500000000000000000e+01 -7.468750000000010658e-01
0.000000000000000000e+00 -6.333333333333334814e+00 1.739999999999999858e+01 1.333333333333335702e+00
0.000000000000000000e+00 -6.313932980599645362e+00 1.716666666666666785e+01 1.126488095238102005e+00
0.000000000000000000e+00 -6.365226337448560479e+00 1.775000000000000000e+01 1.678385416666664298e+00
0.000000000000000000e+00 -6.302880658436214034e+00 1.688888888888888928e+01 9.767361111111139138e-01
0.000000000000000000e+00 -6.220202020202020954e+00 1.669999999999999929e+01 9.508522727272712416e-01
0.000000000000000000e+00 -5.950617283950617065e+00 1.700000000000000000e+01 1.937500000000000000e+00
0.000000000000000000e+00 -5.790123456790123413e+00 1.300000000000000000e+01 -1.656250000000000000e+00
0.000000000000000000e+00 -5.958847736625512148e+00 1.500000000000000000e+01 -8.333333333333037274e-02
0.000000000000000000e+00 -6.190329218106994880e+00 2.000000000000000000e+01 4.341145833333332149e+00
0.000000000000000000e+00 -6.229629629629630294e+00 1.500000000000000000e+01 -7.468750000000010658e-01
0.000000000000000000e+00 -6.333333333333334814e+00 1.739999999999999858e+01 1.333333333333335702e+00
7.142857142857143016e-01 -5.599647266313930949e+00 1.716666666666666785e+01 1.126488095238102005e+00
6.250000000000000000e-01 -5.740226337448560479e+00 1.775000000000000000e+01 1.678385416666664298e+00
5.555555555555555802e-01 -5.747325102880658676e+00 1.688888888888888928e+01 9.767361111111139138e-01
5.000000000000000000e-01 -5.720202020202020954e+00 1.669999999999999929e+01 9.508522727272712416e-01
0.000000000000000000e+00 -5.950617283950617065e+00 9.000000000000000000e+00 -6.062500000000000000e+00
0.000000000000000000e+00 -5.790123456790123413e+00 1.950000000000000000e+01 4.843750000000000000e+00
0.000000000000000000e+00 -5.958847736625512148e+00 1.300000000000000000e+01 -2.083333333333330373e+00
0.000000000000000000e+00 -6.190329218106994880e+00 1.075000000000000000e+01 -4.908854166666667851e+00
0.000000000000000000e+00 -6.229629629629630294e+00 1.259999999999999964e+01 -3.146875000000001421e+00
0.000000000000000000e+00 -6.313932980599645362e+00 1.485714285714285765e+01 -1.183035714285708195e+00
0.000000000000000000e+00 -6.357363315696648698e+00 1.885714285714285765e+01 2.755022321428572951e+00
0.000000000000000000e+00 -6.365226337448560479e+00 2.066666666666666785e+01 4.595052083333332149e+00
0.000000000000000000e+00 -6.302880658436214034e+00 1.333333333333333393e+01 -2.578819444444441444e+00
0.000000000000000000e+00 -6.220202020202020954e+00 1.319999999999999929e+01 -2.549147727272728758e+00
0.000000000000000000e+00 -5.950617283950617065e+00 1.900000000000000000e+01 3.937500000000000000e+00
0.000000000000000000e+00 -5.790123456790123413e+00 1.300000000000000000e+01 -1.656250000000000000e+00
0.000000000000000000e+00 -5.958847736625512148e+00 1.066666666666666607e+01 -4.416666666666664298e+00
-5.000000000000000000e-01 -6.690329218106994880e+00 1.650000000000000000e+01 8.411458333333321491e-01
-4.000000000000000222e-01 -6.629629629629630649e+00 1.800000000000000000e+01 2.253124999999998934e+00
-3.333333333333333148e-01 -6.666666666666667851e+00 1.900000000000000000e+01 2.933333333333337123e+00
-2.857142857142856984e-01 -6.599647266313930949e+00 2.085714285714285765e+01 4.816964285714291805e+00
1.625000000000000000e+00 -4.732363315696648698e+00 1.562500000000000000e+01 -4.771205357142846992e-01
2.444444444444444642e+00 -3.858436213991769392e+00 1.639999999999999858e+01 4.878472222222232091e-01
3.799999999999999822e+00 -2.420202020202021131e+00 1.572727272727272663e+01 -2.187500000000142109e-02
1.300000000000000000e+01 7.049382716049382935e+00 1.300000000000000000e+01 -2.062500000000000000e+00
1.250000000000000000e+01 6.709876543209876587e+00 2.100000000000000000e+01 6.343750000000000000e+00
1.333333333333333393e+01 7.374485596707821777e+00 1.300000000000000000e+01 -2.083333333333330373e+00
1.525000000000000000e+01 9.020370370370368818e+00 1.619999999999999929e+01 4.531249999999982236e-01
1.459999999999999964e+01 8.266666666666665719e+00 1.333333333333333393e+01 -2.733333333333328952e+00
1.283333333333333393e+01 6.519400352733688564e+00 1.685714285714285765e+01 8.169642857142918047e-01
1.314285714285714235e+01 6.785493827160493652e+00 1.614285714285714235e+01 4.073660714285765039e-02
1.350000000000000000e+01 7.134773662551439521e+00 1.862500000000000000e+01 2.553385416666664298e+00
1.277777777777777857e+01 6.474897119341564533e+00 1.455555555555555536e+01 -1.356597222222220012e+00
1.300000000000000000e+01 6.779797979797979046e+00 1.580000000000000071e+01 5.085227272727266268e-02
2.200000000000000000e+01 1.604938271604938294e+01 2.200000000000000000e+01 6.937500000000000000e+00
2.150000000000000000e+01 1.570987654320987659e+01 2.000000000000000000e+01 5.343750000000000000e+00
2.100000000000000000e+01 1.504115226337448874e+01 1.766666666666666785e+01 2.583333333333337478e+00
2.350000000000000000e+01 1.727037037037036882e+01 1.900000000000000000e+01 3.253124999999998934e+00
2.300000000000000000e+01 1.666666666666666430e+01 2.066666666666666785e+01 4.600000000000004974e+00
2.383333333333333215e+01 1.751940035273368679e+01 1.457142857142857117e+01 -1.468749999999994671e+00
2.371428571428571530e+01 1.735692239858906660e+01 1.587500000000000000e+01 -2.271205357142846992e-01
2.337500000000000000e+01 1.700977366255143863e+01 1.511111111111111072e+01 -9.605034722222249854e-01
2.400000000000000000e+01 1.769711934156378419e+01 1.688888888888888928e+01 9.767361111111139138e-01
2.310000000000000142e+01 1.687979797979798136e+01 1.710000000000000142e+01 1.350852272727273373e+00
0.000000000000000000e+00 -5.950617283950617065e+00 2.000000000000000000e+01 4.937500000000000000e+00
0.000000000000000000e+00 -5.790123456790123413e+00 1.750000000000000000e+01 2.843750000000000000e+00
0.000000000000000000e+00 -5.958847736625512148e+00 1.733333333333333215e+01 2.250000000000001776e+00
1.750000000000000000e+00 -4.479629629629630294e+00 1.775000000000000000e+01 2.003124999999998934e+00
1.399999999999999911e+00 -4.933333333333335347e+00 2.216666666666666785e+01 6.100000000000004974e+00
1.166666666666666741e+00 -5.147266313932978399e+00 1.633333333333333215e+01 2.931547619047663034e-01
1.000000000000000000e+00 -5.357363315696648698e+00 1.928571428571428470e+01 3.183593750000000000e+00
8.750000000000000000e-01 -5.490226337448560479e+00 1.522222222222222143e+01 -8.493923611111142691e-01
7.777777777777777901e-01 -5.525102880658436355e+00 1.733333333333333215e+01 1.421180555555556779e+00
6.999999999999999556e-01 -5.520202020202020776e+00 1.190000000000000036e+01 -3.849147727272727693e+00
0.000000000000000000e+00 -5.950617283950617065e+00 2.000000000000000000e+01 4.937500000000000000e+00
3.000000000000000000e+00 -2.790123456790123413e+00 1.750000000000000000e+01 2.843750000000000000e+00
8.000000000000000000e+00 2.041152263374487852e+00 1.733333333333333215e+01 2.250000000000001776e+00
7.000000000000000000e+00 7.703703703703697059e-01 1.775000000000000000e+01 2.003124999999998934e+00
5.599999999999999645e+00 -7.333333333333351689e-01 2.216666666666666785e+01 6.100000000000004974e+00
4.666666666666666963e+00 -1.647266313932978399e+00 1.633333333333333215e+01 2.931547619047663034e-01
4.000000000000000000e+00 -2.357363315696648698e+00 1.928571428571428470e+01 3.183593750000000000e+00
3.500000000000000000e+00 -2.865226337448560479e+00 1.522222222222222143e+01 -8.493923611111142691e-01
3.888888888888888840e+00 -2.413991769547325195e+00 1.733333333333333215e+01 1.421180555555556779e+00
5.099999999999999645e+00 -1.120202020202021309e+00 1.190000000000000036e+01 -3.849147727272727693e+00
0.000000000000000000e+00 -5.950617283950617065e+00 9.000000000000000000e+00 -6.062500000000000000e+00
0.000000000000000000e+00 -5.790123456790123413e+00 7.500000000000000000e+00 -7.156250000000000000e+00
0.000000000000000000e+00 -5.958847736625512148e+00 1.233333333333333393e+01 -2.749999999999996447e+00
1.500000000000000000e+00 -4.690329218106994880e+00 1.550000000000000000e+01 -1.588541666666678509e-01
1.199999999999999956e+00 -5.029629629629630116e+00 1.300000000000000000e+01 -2.746875000000001066e+00
1.000000000000000000e+00 -5.333333333333334814e+00 1.650000000000000000e+01 4.333333333333371229e-01
8.571428571428570953e-01 -5.456790123456788599e+00 2.085714285714285765e+01 4.816964285714291805e+00
7.500000000000000000e-01 -5.607363315696648698e+00 1.887500000000000000e+01 2.772879464285715301e+00
6.666666666666666297e-01 -5.698559670781893516e+00 1.862500000000000000e+01 2.553385416666664298e+00
5.999999999999999778e-01 -5.620202020202021309e+00 1.669999999999999929e+01 9.508522727272712416e-01
0.000000000000000000e+00 -5.950617283950617065e+00 1.200000000000000000e+01 -3.062500000000000000e+00
0.000000000000000000e+00 -5.790123456790123413e+00 1.650000000000000000e+01 1.843750000000000000e+00
0.000000000000000000e+00 -5.958847736625512148e+00 1.566666666666666607e+01 5.833333333333357018e-01
0.000000000000000000e+00 -6.190329218106994880e+00 2.325000000000000000e+01 7.591145833333332149e+00
0.000000000000000000e+00 -6.229629629629630294e+00 2.060000000000000142e+01 4.853125000000000355e+00
0.000000000000000000e+00 -6.333333333333334814e+00 1.639999999999999858e+01 3.333333333333357018e-01
0.000000000000000000e+00 -6.313932980599645362e+00 1.483333333333333393e+01 -1.206845238095231920e+00
0.000000000000000000e+00 -6.357363315696648698e+00 1.742857142857142705e+01 1.326450892857142350e+00
0.000000000000000000e+00 -6.365226337448560479e+00 1.125000000000000000e+01 -4.821614583333335702e+00
0.000000000000000000e+00 -6.220202020202020954e+00 1.630000000000000071e+01 5.508522727272726627e-01
0.000000000000000000e+00 -5.950617283950617065e+00 8.000000000000000000e+00 -7.062500000000000000e+00
0.000000000000000000e+00 -5.790123456790123413e+00 1.750000000000000000e+01 2.843750000000000000e+00
0.000000000000000000e+00 -5.958847736625512148e+00 2.033333333333333215e+01 5.250000000000001776e+00
0.000000000000000000e+00 -6.190329218106994880e+00 1.450000000000000000e+01 -1.158854166666667851e+00
0.000000000000000000e+00 -6.229629629629630294e+00 1.800000000000000000e+01 2.253124999999998934e+00
0.000000000000000000e+00 -6.333333333333334814e+00 1.839999999999999858e+01 2.333333333333335702e+00
1.285714285714285809e+00 -5.028218694885359774e+00 1.557142857142857117e+01 -4.687499999999946709e-01
3.125000000000000000e+00 -3.232363315696648698e+00 1.475000000000000000e+01 -1.352120535714284699e+00
2.777777777777777679e+00 -3.587448559670782799e+00 1.311111111111111072e+01 -2.960503472222224985e+00
2.500000000000000000e+00 -3.720202020202020954e+00 1.750000000000000000e+01 1.750852272727271952e+00
1.500000000000000000e+01 9.049382716049382935e+00 1.500000000000000000e+01 -6.250000000000000000e-02
1.450000000000000000e+01 8.709876543209876587e+00 1.350000000000000000e+01 -1.156250000000000000e+00
1.300000000000000000e+01 7.041152263374487852e+00 1.366666666666666607e+01 -1.416666666666664298e+00
1.600000000000000000e+01 9.809670781893004232e+00 1.650000000000000000e+01 8.411458333333321491e-01
1.419999999999999929e+01 7.970370370370368995e+00 1.459999999999999964e+01 -1.146875000000001421e+00
1.716666666666666785e+01 1.083333333333333215e+01 2.000000000000000000e+01 3.933333333333337123e+00
1.671428571428571530e+01 1.040035273368606994e+01 1.585714285714285765e+01 -1.830357142857081953e-01
1.512500000000000000e+01 8.767636684303351302e+00 1.542857142857142883e+01 -6.735491071428558740e-01
1.544444444444444464e+01 9.079218106995885051e+00 1.566666666666666607e+01 -4.049479166666696273e-01
1.490000000000000036e+01 8.597119341563786321e+00 1.477777777777777857e+01 -1.134374999999996803e+00
0.000000000000000000e+00 -5.950617283950617065e+00 9.000000000000000000e+00 -6.062500000000000000e+00
0.000000000000000000e+00 -5.790123456790123413e+00 1.950000000000000000e+01 4.843750000000000000e+00
0.000000000000000000e+00 -5.958847736625512148e+00 1.300000000000000000e+01 -2.083333333333330373e+00
0.000000000000000000e+00 -6.190329218106994880e+00 1.075000000000000000e+01 -4.908854166666667851e+00
0.000000000000000000e+00 -6.229629629629630294e+00 1.259999999999999964e+01 -3.146875000000001421e+00
0.000000000000000000e+00 -6.313932980599645362e+00 1.485714285714285765e+01 -1.183035714285708195e+00
0.000000000000000000e+00 -6.357363315696648698e+00 1.885714285714285765e+01 2.755022321428572951e+00
0.000000000000000000e+00 -6.365226337448560479e+00 2.066666666666666785e+01 4.595052083333332149e+00
0.000000000000000000e+00 -6.302880658436214034e+00 1.333333333333333393e+01 -2.578819444444441444e+00
0.000000000000000000e+00 -6.220202020202020954e+00 1.319999999999999929e+01 -2.549147727272728758e+00
0.000000000000000000e+00 -5.950617283950617065e+00 1.400000000000000000e+01 -1.062500000000000000e+00
0.000000000000000000e+00 -5.790123456790123413e+00 1.150000000000000000e+01 -3.156250000000000000e+00
0.000000000000000000e+00 -5.958847736625512148e+00 7.333333333333333037e+00 -7.749999999999997335e+00
0.000000000000000000e+00 -6.190329218106994880e+00 1.275000000000000000e+01 -2.908854166666667851e+00
0.000000000000000000e+00 -6.333333333333334814e+00 1.500000000000000000e+01 -1.066666666666662877e+00
0.000000000000000000e+00 -6.313932980599645362e+00 1.633333333333333215e+01 2.931547619047663034e-01
-2.857142857142856984e-01 -6.643077601410934285e+00 1.471428571428571352e+01 -1.387834821428571175e+00
-2.500000000000000000e-01 -6.615226337448560479e+00 1.462500000000000000e+01 -1.446614583333335702e+00
-2.222222222222222099e-01 -6.525102880658436355e+00 1.777777777777777857e+01 1.865625000000003197e+00
-2.000000000000000111e-01 -6.420202020202021131e+00 1.580000000000000071e+01 5.085227272727266268e-02
1.100000000000000000e+01 5.049382716049382935e+00 1.100000000000000000e+01 -4.062500000000000000e+00
1.400000000000000000e+01 8.209876543209876587e+00 1.700000000000000000e+01 2.343750000000000000e+00
1.400000000000000000e+01 8.041152263374488740e+00 1.333333333333333393e+01 -1.749999999999996447e+00
1.250000000000000000e+01 6.309670781893005120e+00 1.050000000000000000e+01 -5.158854166666667851e+00
9.800000000000000711e+00 3.570370370370370416e+00 1.300000000000000000e+01 -2.746875000000001066e+00
1.050000000000000000e+01 4.166666666666665186e+00 1.700000000000000000e+01 9.333333333333371229e-01
1.128571428571428648e+01 4.971781305114641114e+00 1.342857142857142883e+01 -2.611607142857137021e+00
9.125000000000000000e+00 2.767636684303351302e+00 1.312500000000000000e+01 -2.977120535714284699e+00
8.111111111111110716e+00 1.745884773662550238e+00 1.375000000000000000e+01 -2.321614583333335702e+00
7.299999999999999822e+00 9.971193415637857882e-01 1.569999999999999929e+01 -2.121527777777760804e-01
0.000000000000000000e+00 -5.950617283950617065e+00 9.000000000000000000e+00 -6.062500000000000000e+00
0.000000000000000000e+00 -5.790123456790123413e+00 1.000000000000000000e+01 -4.656250000000000000e+00
0.000000000000000000e+00 -5.958847736625512148e+00 1.533333333333333393e+01 2.500000000000035527e-01
0.000000000000000000e+00 -6.190329218106994880e+00 1.900000000000000000e+01 3.341145833333332149e+00
0.000000000000000000e+00 -6.229629629629630294e+00 1.419999999999999929e+01 -1.546875000000001776e+00
0.000000000000000000e+00 -6.333333333333334814e+00 1.760000000000000142e+01 1.533333333333338544e+00
0.000000000000000000e+00 -6.313932980599645362e+00 1.514285714285714235e+01 -8.973214285714234961e-01
7.500000000000000000e-01 -5.607363315696648698e+00 2.050000000000000000e+01 4.397879464285715301e+00
1.444444444444444420e+00 -4.920781893004115837e+00 1.575000000000000000e+01 -3.216145833333357018e-01
1.300000000000000044e+00 -5.002880658436214212e+00 1.660000000000000142e+01 6.878472222222260513e-01
0.000000000000000000e+00 -5.950617283950617065e+00 2.500000000000000000e+01 9.937500000000000000e+00
0.000000000000000000e+00 -5.790123456790123413e+00 1.700000000000000000e+01 2.343750000000000000e+00
0.000000000000000000e+00 -5.958847736625512148e+00 2.200000000000000000e+01 6.916666666666669627e+00
0.000000000000000000e+00 -6.190329218106994880e+00 1.500000000000000000e+01 -6.588541666666678509e-01
0.000000000000000000e+00 -6.229629629629630294e+00 1.440000000000000036e+01 -1.346875000000000711e+00
0.000000000000000000e+00 -6.333333333333334814e+00 1.566666666666666607e+01 -3.999999999999968026e-01
0.000000000000000000e+00 -6.313932980599645362e+00 1.733333333333333215e+01 1.293154761904766303e+00
0.000000000000000000e+00 -6.357363315696648698e+00 1.537500000000000000e+01 -7.271205357142846992e-01
0.000000000000000000e+00 -6.365226337448560479e+00 1.700000000000000000e+01 9.283854166666642982e-01
0.000000000000000000e+00 -6.220202020202020954e+00 1.550000000000000000e+01 -2.491477272727280479e-01
9.000000000000000000e+00 3.049382716049382935e+00 9.000000000000000000e+00 -6.062500000000000000e+00
1.150000000000000000e+01 5.709876543209876587e+00 1.950000000000000000e+01 4.843750000000000000e+00
1.366666666666666607e+01 7.707818930041153926e+00 1.300000000000000000e+01 -2.083333333333330373e+00
1.550000000000000000e+01 9.309670781893004232e+00 1.075000000000000000e+01 -4.908854166666667851e+00
1.400000000000000000e+01 7.770370370370369706e+00 1.259999999999999964e+01 -3.146875000000001421e+00
1.400000000000000000e+01 7.686067019400354638e+00 1.485714285714285765e+01 -1.183035714285708195e+00
1.328571428571428648e+01 6.928350970017637778e+00 1.885714285714285765e+01 2.755022321428572951e+00
1.350000000000000000e+01 7.134773662551439521e+00 2.066666666666666785e+01 4.595052083333332149e+00
1.366666666666666607e+01 7.363786008230452040e+00 1.333333333333333393e+01 -2.578819444444441444e+00
1.269999999999999929e+01 6.479797979797978336e+00 1.319999999999999929e+01 -2.549147727272728758e+00
0.000000000000000000e+00 -5.950617283950617065e+00 1.400000000000000000e+01 -1.062500000000000000e+00
0.000000000000000000e+00 -5.790123456790123413e+00 9.000000000000000000e+00 -5.656250000000000000e+00
2.666666666666666519e+00 -3.292181069958845629e+00 1.733333333333333215e+01 2.250000000000001776e+00
7.500000000000000000e+00 1.309670781893005120e+00 1.500000000000000000e+01 -6.588541666666678509e-01
6.000000000000000000e+00 -2.296296296296302941e-01 1.280000000000000071e+01 -2.946875000000000355e+00
5.333333333333333037e+00 -1.000000000000001776e+00 9.666666666666666075e+00 -6.399999999999996803e+00
5.428571428571428825e+00 -8.853615520282165363e-01 1.500000000000000000e+01 -1.040178571428565846e+00
6.375000000000000000e+00 1.763668430335130211e-02 1.900000000000000000e+01 2.897879464285715301e+00
7.444444444444444642e+00 1.079218106995884163e+00 2.000000000000000000e+01 3.928385416666664298e+00
7.500000000000000000e+00 1.279797979797979046e+00 1.950000000000000000e+01 3.750852272727271952e+00
0.000000000000000000e+00 -5.950617283950617065e+00 1.300000000000000000e+01 -2.062500000000000000e+00
0.000000000000000000e+00 -5.790123456790123413e+00 1.200000000000000000e+01 -2.656250000000000000e+00
0.000000000000000000e+00 -5.958847736625512148e+00 1.766666666666666785e+01 2.583333333333337478e+00
0.000000000000000000e+00 -6.190329218106994880e+00 1.450000000000000000e+01 -1.158854166666667851e+00
0.000000000000000000e+00 -6.229629629629630294e+00 1.400000000000000000e+01 -1.746875000000001066e+00
0.000000000000000000e+00 -6.333333333333334814e+00 1.383333333333333393e+01 -2.233333333333328952e+00
0.000000000000000000e+00 -6.313932980599645362e+00 1.385714285714285765e+01 -2.183035714285708195e+00
0.000000000000000000e+00 -6.357363315696648698e+00 1.537500000000000000e+01 -7.271205357142846992e-01
0.000000000000000000e+00 -6.365226337448560479e+00 1.912500000000000000e+01 3.053385416666664298e+00
1.399999999999999911e+00 -4.820202020202021487e+00 1.290000000000000036e+01 -2.849147727272727693e+00
1.400000000000000000e+01 8.049382716049382935e+00 1.400000000000000000e+01 -1.062500000000000000e+00
9.500000000000000000e+00 3.709876543209876587e+00 9.000000000000000000e+00 -5.656250000000000000e+00
7.000000000000000000e+00 1.041152263374487852e+00 1.733333333333333215e+01 2.250000000000001776e+00
5.250000000000000000e+00 -9.403292181069948796e-01 1.500000000000000000e+01 -6.588541666666678509e-01
4.200000000000000178e+00 -2.029629629629630116e+00 1.280000000000000071e+01 -2.946875000000000355e+00
3.500000000000000000e+00 -2.833333333333334814e+00 9.666666666666666075e+00 -6.399999999999996803e+00
3.000000000000000000e+00 -3.313932980599645362e+00 1.500000000000000000e+01 -1.040178571428565846e+00
2.625000000000000000e+00 -3.732363315696648698e+00 1.900000000000000000e+01 2.897879464285715301e+00
2.333333333333333481e+00 -4.031893004115227441e+00 2.000000000000000000e+01 3.928385416666664298e+00
2.100000000000000089e+00 -4.120202020202020421e+00 1.950000000000000000e+01 3.750852272727271952e+00
0.000000000000000000e+00 -5.950617283950617065e+00 2.900000000000000000e+01 1.393750000000000000e+01
0.000000000000000000e+00 -5.790123456790123413e+00 1.300000000000000000e+01 -1.656250000000000000e+00
0.000000000000000000e+00 -5.958847736625512148e+00 1.233333333333333393e+01 -2.749999999999996447e+00
0.000000000000000000e+00 -6.190329218106994880e+00 2.050000000000000000e+01 4.841145833333332149e+00
0.000000000000000000e+00 -6.229629629629630294e+00 1.380000000000000071e+01 -1.946875000000000355e+00
0.000000000000000000e+00 -6.333333333333334814e+00 1.333333333333333393e+01 -2.733333333333328952e+00
0.000000000000000000e+00 -6.313932980599645362e+00 1.766666666666666785e+01 1.626488095238102005e+00
0.000000000000000000e+00 -6.357363315696648698e+00 1.625000000000000000e+01 1.478794642857153008e-01
0.000000000000000000e+00 -6.302880658436214034e+00 1.188888888888888928e+01 -4.023263888888886086e+00
0.000000000000000000e+00 -6.220202020202020954e+00 1.369999999999999929e+01 -2.049147727272728758e+00
1.900000000000000000e+01 1.304938271604938294e+01 1.900000000000000000e+01 3.937500000000000000e+00
1.400000000000000000e+01 8.209876543209876587e+00 1.300000000000000000e+01 -1.656250000000000000e+00
1.200000000000000000e+01 6.041152263374487852e+00 1.066666666666666607e+01 -4.416666666666664298e+00
9.000000000000000000e+00 2.809670781893005120e+00 1.650000000000000000e+01 8.411458333333321491e-01
1.040000000000000036e+01 4.170370370370370061e+00 1.800000000000000000e+01 2.253124999999998934e+00
8.666666666666666075e+00 2.333333333333331261e+00 1.900000000000000000e+01 2.933333333333337123e+00
7.428571428571428825e+00 1.114638447971783464e+00 2.085714285714285765e+01 4.816964285714291805e+00
6.500000000000000000e+00 1.426366843033513021e-01 1.562500000000000000e+01 -4.771205357142846992e-01
5.777777777777777679e+00 -5.251028806584363551e-01 1.639999999999999858e+01 4.878472222222232091e-01
5.200000000000000178e+00 -1.020202020202020776e+00 1.572727272727272663e+01 -2.187500000000142109e-02
8.000000000000000000e+00 2.049382716049382935e+00 8.000000000000000000e+00 -7.062500000000000000e+00
5.500000000000000000e+00 -2.901234567901234129e-01 1.750000000000000000e+01 2.843750000000000000e+00
3.666666666666666519e+00 -2.292181069958845629e+00 2.033333333333333215e+01 5.250000000000001776e+00
2.750000000000000000e+00 -3.440329218106994880e+00 1.450000000000000000e+01 -1.158854166666667851e+00
2.200000000000000178e+00 -4.029629629629630116e+00 1.800000000000000000e+01 2.253124999999998934e+00
1.833333333333333259e+00 -4.500000000000001776e+00 1.839999999999999858e+01 2.333333333333335702e+00
1.571428571428571397e+00 -4.742504409171074187e+00 1.557142857142857117e+01 -4.687499999999946709e-01
1.375000000000000000e+00 -4.982363315696648698e+00 1.475000000000000000e+01 -1.352120535714284699e+00
2.777777777777777679e+00 -3.587448559670782799e+00 1.311111111111111072e+01 -2.960503472222224985e+00
3.700000000000000178e+00 -2.520202020202020776e+00 1.750000000000000000e+01 1.750852272727271952e+00
9.000000000000000000e+00 3.049382716049382935e+00 9.000000000000000000e+00 -6.062500000000000000e+00
9.000000000000000000e+00 3.209876543209876587e+00 7.500000000000000000e+00 -7.156250000000000000e+00
1.033333333333333393e+01 4.374485596707821777e+00 1.233333333333333393e+01 -2.749999999999996447e+00
8.750000000000000000e+00 2.559670781893005120e+00 1.550000000000000000e+01 -1.588541666666678509e-01
1.100000000000000000e+01 4.770370370370369706e+00 1.300000000000000000e+01 -2.746875000000001066e+00
1.416666666666666607e+01 7.833333333333331261e+00 1.650000000000000000e+01 4.333333333333371229e-01
1.528571428571428648e+01 8.971781305114641114e+00 2.085714285714285765e+01 4.816964285714291805e+00
1.762500000000000000e+01 1.126763668430335130e+01 1.887500000000000000e+01 2.772879464285715301e+00
1.866666666666666785e+01 1.230144032921810648e+01 1.862500000000000000e+01 2.553385416666664298e+00
1.819999999999999929e+01 1.197979797979797922e+01 1.669999999999999929e+01 9.508522727272712416e-01
0.000000000000000000e+00 -5.950617283950617065e+00 1.400000000000000000e+01 -1.062500000000000000e+00
0.000000000000000000e+00 -5.790123456790123413e+00 1.950000000000000000e+01 4.843750000000000000e+00
0.000000000000000000e+00 -5.958847736625512148e+00 1.633333333333333215e+01 1.250000000000001776e+00
0.000000000000000000e+00 -6.190329218106994880e+00 1.375000000000000000e+01 -1.908854166666667851e+00
0.000000000000000000e+00 -6.229629629629630294e+00 1.475000000000000000e+01 -9.968750000000010658e-01
0.000000000000000000e+00 -6.333333333333334814e+00 1.416666666666666607e+01 -1.899999999999996803e+00
0.000000000000000000e+00 -6.357363315696648698e+00 1.700000000000000000e+01 8.978794642857153008e-01
1.500000000000000000e+00 -4.865226337448560479e+00 1.588888888888888928e+01 -1.827256944444464182e-01
3.666666666666666519e+00 -2.636213991769547516e+00 1.789999999999999858e+01 1.987847222222223209e+00
4.599999999999999645e+00 -1.620202020202021309e+00 1.450000000000000000e+01 -1.249147727272728048e+00
5.000000000000000000e+00 -9.506172839506170646e-01 6.000000000000000000e+00 -9.062500000000000000e+00
7.000000000000000000e+00 1.209876543209876587e+00 1.350000000000000000e+01 -1.156250000000000000e+00
1.166666666666666607e+01 5.707818930041153926e+00 1.566666666666666607e+01 5.833333333333357018e-01
1.525000000000000000e+01 9.020370370370368818e+00 2.119999999999999929e+01 5.453124999999998224e+00
1.440000000000000036e+01 8.066666666666666430e+00 1.233333333333333393e+01 -3.733333333333328952e+00
1.433333333333333393e+01 8.019400352733688564e+00 1.700000000000000000e+01 9.598214285714341543e-01
1.342857142857142883e+01 7.071208112874780127e+00 1.385714285714285765e+01 -2.244977678571427049e+00
1.225000000000000000e+01 5.884773662551439521e+00 1.325000000000000000e+01 -2.821614583333335702e+00
1.155555555555555536e+01 5.252674897119341324e+00 1.466666666666666607e+01 -1.245486111111109295e+00
1.040000000000000036e+01 4.179797979797979401e+00 1.719999999999999929e+01 1.450852272727271242e+00
1.300000000000000000e+01 7.049382716049382935e+00 1.300000000000000000e+01 -2.062500000000000000e+00
1.300000000000000000e+01 7.209876543209876587e+00 1.200000000000000000e+01 -2.656250000000000000e+00
1.466666666666666607e+01 8.707818930041153038e+00 1.766666666666666785e+01 2.583333333333337478e+00
1.375000000000000000e+01 7.559670781893005120e+00 1.450000000000000000e+01 -1.158854166666667851e+00
1.180000000000000071e+01 5.570370370370370416e+00 1.400000000000000000e+01 -1.746875000000001066e+00
1.150000000000000000e+01 5.166666666666665186e+00 1.383333333333333393e+01 -2.233333333333328952e+00
1.228571428571428648e+01 5.971781305114641114e+00 1.385714285714285765e+01 -2.183035714285708195e+00
1.250000000000000000e+01 6.142636684303351302e+00 1.537500000000000000e+01 -7.271205357142846992e-01
1.311111111111111072e+01 6.745884773662550238e+00 1.912500000000000000e+01 3.053385416666664298e+00
1.180000000000000071e+01 5.579797979797979757e+00 1.290000000000000036e+01 -2.849147727272727693e+00
9.000000000000000000e+00 3.049382716049382935e+00 9.000000000000000000e+00 -6.062500000000000000e+00
1.000000000000000000e+01 4.209876543209876587e+00 1.000000000000000000e+01 -4.656250000000000000e+00
1.166666666666666607e+01 5.707818930041153926e+00 1.533333333333333393e+01 2.500000000000035527e-01
1.475000000000000000e+01 8.559670781893004232e+00 1.900000000000000000e+01 3.341145833333332149e+00
1.540000000000000036e+01 9.170370370370370949e+00 1.419999999999999929e+01 -1.546875000000001776e+00
1.550000000000000000e+01 9.166666666666664298e+00 1.760000000000000142e+01 1.533333333333338544e+00
1.628571428571428470e+01 9.971781305114639338e+00 1.514285714285714235e+01 -8.973214285714234961e-01
1.575000000000000000e+01 9.392636684303351302e+00 2.050000000000000000e+01 4.397879464285715301e+00
1.400000000000000000e+01 7.634773662551439521e+00 1.575000000000000000e+01 -3.216145833333357018e-01
1.469999999999999929e+01 8.397119341563785255e+00 1.660000000000000142e+01 6.878472222222260513e-01
1.700000000000000000e+01 1.104938271604938294e+01 1.700000000000000000e+01 1.937500000000000000e+00
1.700000000000000000e+01 1.120987654320987659e+01 1.850000000000000000e+01 3.843750000000000000e+00
1.833333333333333215e+01 1.237448559670782089e+01 2.000000000000000000e+01 4.916666666666669627e+00
2.225000000000000000e+01 1.602037037037036882e+01 2.300000000000000000e+01 7.253124999999998934e+00
1.980000000000000071e+01 1.346666666666666501e+01 1.333333333333333393e+01 -2.733333333333328952e+00
2.250000000000000000e+01 1.618606701940035464e+01 2.050000000000000000e+01 4.459821428571434154e+00
2.100000000000000000e+01 1.464263668430335130e+01 1.762500000000000000e+01 1.522879464285715301e+00
1.962500000000000000e+01 1.325977366255143863e+01 1.537500000000000000e+01 -6.966145833333357018e-01
1.944444444444444287e+01 1.314156378600822883e+01 1.711111111111111072e+01 1.198958333333335347e+00
1.969999999999999929e+01 1.347979797979797922e+01 1.459999999999999964e+01 -1.149147727272728403e+00
1.600000000000000000e+01 1.004938271604938294e+01 1.600000000000000000e+01 9.375000000000000000e-01
1.100000000000000000e+01 5.209876543209876587e+00 1.200000000000000000e+01 -2.656250000000000000e+00
1.233333333333333393e+01 6.374485596707821777e+00 1.366666666666666607e+01 -1.416666666666664298e+00
1.475000000000000000e+01 8.559670781893004232e+00 1.800000000000000000e+01 2.341145833333332149e+00
1.419999999999999929e+01 7.970370370370368995e+00 2.100000000000000000e+01 5.253124999999998934e+00
1.366666666666666607e+01 7.333333333333331261e+00 1.660000000000000142e+01 5.333333333333385440e-01
1.400000000000000000e+01 7.686067019400354638e+00 1.571428571428571352e+01 -3.258928571428523213e-01
1.775000000000000000e+01 1.139263668430335130e+01 1.650000000000000000e+01 3.978794642857153008e-01
1.966666666666666785e+01 1.330144032921810648e+01 1.722222222222222143e+01 1.150607638888885731e+00
1.900000000000000000e+01 1.269711934156378597e+01 1.989999999999999858e+01 3.987847222222223209e+00
1.818181818181818343e+01 1.196161616161616337e+01 1.430000000000000071e+01 -1.449147727272727337e+00
0.000000000000000000e+00 -5.950617283950617065e+00 1.400000000000000000e+01 -1.062500000000000000e+00
0.000000000000000000e+00 -5.790123456790123413e+00 1.150000000000000000e+01 -3.156250000000000000e+00
0.000000000000000000e+00 -5.958847736625512148e+00 7.333333333333333037e+00 -7.749999999999997335e+00
1.250000000000000000e+00 -4.940329218106994880e+00 1.275000000000000000e+01 -2.908854166666667851e+00
1.000000000000000000e+00 -5.333333333333334814e+00 1.500000000000000000e+01 -1.066666666666662877e+00
8.333333333333333703e-01 -5.480599647266312324e+00 1.633333333333333215e+01 2.931547619047663034e-01
7.142857142857143016e-01 -5.643077601410934285e+00 1.471428571428571352e+01 -1.387834821428571175e+00
6.250000000000000000e-01 -5.740226337448560479e+00 1.462500000000000000e+01 -1.446614583333335702e+00
5.555555555555555802e-01 -5.747325102880658676e+00 1.777777777777777857e+01 1.865625000000003197e+00
5.000000000000000000e-01 -5.720202020202020954e+00 1.580000000000000071e+01 5.085227272727266268e-02
0.000000000000000000e+00 -5.950617283950617065e+00 1.400000000000000000e+01 -1.062500000000000000e+00
0.000000000000000000e+00 -5.790123456790123413e+00 1.950000000000000000e+01 4.843750000000000000e+00
0.000000000000000000e+00 -5.958847736625512148e+00 1.633333333333333215e+01 1.250000000000001776e+00
0.000000000000000000e+00 -6.190329218106994880e+00 1.375000000000000000e+01 -1.908854166666667851e+00
0.000000000000000000e+00 -6.229629629629630294e+00 1.475000000000000000e+01 -9.968750000000010658e-01
0.000000000000000000e+00 -6.333333333333334814e+00 1.416666666666666607e+01 -1.899999999999996803e+00
0.000000000000000000e+00 -6.357363315696648698e+00 1.700000000000000000e+01 8.978794642857153008e-01
0.000000000000000000e+00 -6.365226337448560479e+00 1.588888888888888928e+01 -1.827256944444464182e-01
0.000000000000000000e+00 -6.302880658436214034e+00 1.789999999999999858e+01 1.987847222222223209e+00
0.000000000000000000e+00 -6.220202020202020954e+00 1.450000000000000000e+01 -1.249147727272728048e+00
0.000000000000000000e+00 -5.950617283950617065e+00 1.600000000000000000e+01 9.375000000000000000e-01
0.000000000000000000e+00 -5.790123456790123413e+00 1.200000000000000000e+01 -2.656250000000000000e+00
0.000000000000000000e+00 -5.958847736625512148e+00 1.366666666666666607e+01 -1.416666666666664298e+00
0.000000000000000000e+00 -6.190329218106994880e+00 1.800000000000000000e+01 2.341145833333332149e+00
0.000000000000000000e+00 -6.229629629629630294e+00 2.100000000000000000e+01 5.253124999999998934e+00
0.000000000000000000e+00 -6.333333333333334814e+00 1.660000000000000142e+01 5.333333333333385440e-01
0.000000000000000000e+00 -6.313932980599645362e+00 1.571428571428571352e+01 -3.258928571428523213e-01
0.000000000000000000e+00 -6.357363315696648698e+00 1.650000000000000000e+01 3.978794642857153008e-01
0.000000000000000000e+00 -6.365226337448560479e+00 1.722222222222222143e+01 1.150607638888885731e+00
0.000000000000000000e+00 -6.302880658436214034e+00 1.989999999999999858e+01 3.987847222222223209e+00
0.000000000000000000e+00 -6.220202020202020954e+00 1.430000000000000071e+01 -1.449147727272727337e+00
0.000000000000000000e+00 -5.950617283950617065e+00 1.300000000000000000e+01 -2.062500000000000000e+00
0.000000000000000000e+00 -5.790123456790123413e+00 2.100000000000000000e+01 6.343750000000000000e+00
0.000000000000000000e+00 -5.958847736625512148e+00 1.300000000000000000e+01 -2.083333333333330373e+00
0.000000000000000000e+00 -6.229629629629630294e+00 1.619999999999999929e+01 4.531249999999982236e-01
0.000000000000000000e+00 -6.333333333333334814e+00 1.333333333333333393e+01 -2.733333333333328952e+00
0.000000000000000000e+00 -6.313932980599645362e+00 1.685714285714285765e+01 8.169642857142918047e-01
0.000000000000000000e+00 -6.357363315696648698e+00 1.614285714285714235e+01 4.073660714285765039e-02
0.000000000000000000e+00 -6.365226337448560479e+00 1.862500000000000000e+01 2.553385416666664298e+00
0.000000000000000000e+00 -6.302880658436214034e+00 1.455555555555555536e+01 -1.356597222222220012e+00
0.000000000000000000e+00 -6.220202020202020954e+00 1.580000000000000071e+01 5.085227272727266268e-02
0.000000000000000000e+00 -5.950617283950617065e+00 3.000000000000000000e+01 1.493750000000000000e+01
0.000000000000000000e+00 -5.790123456790123413e+00 1.200000000000000000e+01 -2.656250000000000000e+00
0.000000000000000000e+00 -5.958847736625512148e+00 1.666666666666666785e+01 1.583333333333337478e+00
0.000000000000000000e+00 -6.190329218106994880e+00 1.325000000000000000e+01 -2.408854166666667851e+00
0.000000000000000000e+00 -6.229629629629630294e+00 1.440000000000000036e+01 -1.346875000000000711e+00
0.000000000000000000e+00 -6.333333333333334814e+00 1.566666666666666607e+01 -3.999999999999968026e-01
0.000000000000000000e+00 -6.313932980599645362e+00 1.442857142857142883e+01 -1.611607142857137021e+00
0.000000000000000000e+00 -6.357363315696648698e+00 1.162500000000000000e+01 -4.477120535714284699e+00
0.000000000000000000e+00 -6.302880658436214034e+00 1.811111111111111072e+01 2.198958333333335347e+00
0.000000000000000000e+00 -6.220202020202020954e+00 1.754545454545454675e+01 1.796306818181818699e+00
0.000000000000000000e+00 -5.950617283950617065e+00 1.800000000000000000e+01 2.937500000000000000e+00
0.000000000000000000e+00 -5.790123456790123413e+00 1.200000000000000000e+01 -2.656250000000000000e+00
0.000000000000000000e+00 -5.958847736625512148e+00 1.533333333333333393e+01 2.500000000000035527e-01
0.000000000000000000e+00 -6.190329218106994880e+00 1.300000000000000000e+01 -2.658854166666667851e+00
0.000000000000000000e+00 -6.229629629629630294e+00 1.639999999999999858e+01 6.531249999999975131e-01
0.000000000000000000e+00 -6.333333333333334814e+00 1.700000000000000000e+01 9.333333333333371229e-01
0.000000000000000000e+00 -6.313932980599645362e+00 1.428571428571428648e+01 -1.754464285714279370e+00
0.000000000000000000e+00 -6.357363315696648698e+00 1.514285714285714235e+01 -9.592633928571423496e-01
0.000000000000000000e+00 -6.365226337448560479e+00 1.750000000000000000e+01 1.428385416666664298e+00
1.000000000000000056e-01 -6.202880658436214389e+00 1.844444444444444287e+01 2.532291666666667496e+00
9.090909090909091161e-02 -6.129292929292930125e+00 1.669999999999999929e+01 9.508522727272712416e-01
1.400000000000000000e+01 8.049382716049382935e+00 1.400000000000000000e+01 -1.062500000000000000e+00
1.450000000000000000e+01 8.709876543209876587e+00 1.150000000000000000e+01 -3.156250000000000000e+00
1.100000000000000000e+01 5.041152263374487852e+00 7.333333333333333037e+00 -7.749999999999997335e+00
1.000000000000000000e+01 3.809670781893005120e+00 1.275000000000000000e+01 -2.908854166666667851e+00
1.300000000000000000e+01 6.666666666666665186e+00 1.500000000000000000e+01 -1.066666666666662877e+00
1.183333333333333393e+01 5.519400352733688564e+00 1.633333333333333215e+01 2.931547619047663034e-01
1.228571428571428648e+01 5.928350970017637778e+00 1.471428571428571352e+01 -1.387834821428571175e+00
1.212500000000000000e+01 5.759773662551439521e+00 1.462500000000000000e+01 -1.446614583333335702e+00
1.200000000000000000e+01 5.697119341563785966e+00 1.777777777777777857e+01 1.865625000000003197e+00
1.119999999999999929e+01 4.979797979797978336e+00 1.580000000000000071e+01 5.085227272727266268e-02
1.300000000000000000e+01 7.049382716049382935e+00 1.300000000000000000e+01 -2.062500000000000000e+00
1.250000000000000000e+01 6.709876543209876587e+00 1.450000000000000000e+01 -1.562500000000000000e-01
1.233333333333333393e+01 6.374485596707821777e+00 1.733333333333333215e+01 2.250000000000001776e+00
1.425000000000000000e+01 8.059670781893004232e+00 1.425000000000000000e+01 -1.408854166666667851e+00
1.480000000000000071e+01 8.466666666666665009e+00 1.350000000000000000e+01 -2.566666666666662877e+00
1.616666666666666785e+01 9.852733686067022489e+00 1.671428571428571530e+01 6.741071428571494550e-01
1.571428571428571352e+01 9.356922398589064827e+00 1.637500000000000000e+01 2.728794642857153008e-01
1.712500000000000000e+01 1.075977366255143863e+01 1.711111111111111072e+01 1.039496527777775015e+00
1.633333333333333215e+01 1.003045267489711811e+01 1.144444444444444464e+01 -4.467708333333330728e+00
1.630000000000000071e+01 1.007979797979798064e+01 1.359999999999999964e+01 -2.149147727272728403e+00
2.000000000000000000e+01 1.404938271604938294e+01 2.000000000000000000e+01 4.937500000000000000e+00
1.000000000000000000e+01 4.209876543209876587e+00 1.750000000000000000e+01 2.843750000000000000e+00
6.666666666666666963e+00 7.078189300411548146e-01 1.733333333333333215e+01 2.250000000000001776e+00
5.000000000000000000e+00 -1.229629629629630294e+00 1.775000000000000000e+01 2.003124999999998934e+00
7.599999999999999645e+00 1.266666666666664831e+00 2.216666666666666785e+01 6.100000000000004974e+00
9.000000000000000000e+00 2.686067019400354638e+00 1.633333333333333215e+01 2.931547619047663034e-01
1.071428571428571352e+01 4.356922398589064827e+00 1.928571428571428470e+01 3.183593750000000000e+00
1.175000000000000000e+01 5.384773662551439521e+00 1.522222222222222143e+01 -8.493923611111142691e-01
1.122222222222222143e+01 4.919341563786007399e+00 1.733333333333333215e+01 1.421180555555556779e+00
1.009999999999999964e+01 3.879797979797978691e+00 1.190000000000000036e+01 -3.849147727272727693e+00
9.000000000000000000e+00 3.049382716049382935e+00 9.000000000000000000e+00 -6.062500000000000000e+00
1.800000000000000000e+01 1.220987654320987659e+01 2.050000000000000000e+01 5.843750000000000000e+00
1.533333333333333393e+01 9.374485596707820889e+00 1.133333333333333393e+01 -3.749999999999996447e+00
1.850000000000000000e+01 1.230967078189300423e+01 1.700000000000000000e+01 1.341145833333332149e+00
1.839999999999999858e+01 1.217037037037036740e+01 1.380000000000000071e+01 -1.946875000000000355e+00
1.950000000000000000e+01 1.316666666666666430e+01 1.519999999999999929e+01 -8.666666666666635876e-01
2.014285714285714235e+01 1.382892416225749699e+01 1.842857142857142705e+01 2.388392857142861203e+00
2.062500000000000000e+01 1.426763668430335130e+01 1.828571428571428470e+01 2.183593750000000000e+00
2.233333333333333215e+01 1.603045267489711989e+01 2.077777777777777857e+01 4.865625000000003197e+00
2.289999999999999858e+01 1.667979797979797851e+01 1.950000000000000000e+01 3.750852272727271952e+00
1.600000000000000000e+01 1.004938271604938294e+01 1.600000000000000000e+01 9.375000000000000000e-01
1.300000000000000000e+01 7.209876543209876587e+00 1.150000000000000000e+01 -3.156250000000000000e+00
9.000000000000000000e+00 3.041152263374487852e+00 1.833333333333333215e+01 3.250000000000001776e+00
6.750000000000000000e+00 5.596707818930051204e-01 1.600000000000000000e+01 3.411458333333321491e-01
5.400000000000000355e+00 -8.296296296296299388e-01 1.359999999999999964e+01 -2.146875000000001421e+00
4.500000000000000000e+00 -1.833333333333334814e+00 1.650000000000000000e+01 4.333333333333371229e-01
3.857142857142857206e+00 -2.456790123456788155e+00 1.500000000000000000e+01 -1.040178571428565846e+00
3.375000000000000000e+00 -2.982363315696648698e+00 1.328571428571428648e+01 -2.816406249999998224e+00
3.000000000000000000e+00 -3.365226337448560479e+00 1.550000000000000000e+01 -5.716145833333357018e-01
2.700000000000000178e+00 -3.602880658436213857e+00 1.480000000000000071e+01 -1.112152777777774659e+00
0.000000000000000000e+00 -5.950617283950617065e+00 2.900000000000000000e+01 1.393750000000000000e+01
0.000000000000000000e+00 -5.790123456790123413e+00 1.300000000000000000e+01 -1.656250000000000000e+00
0.000000000000000000e+00 -5.958847736625512148e+00 1.233333333333333393e+01 -2.749999999999996447e+00
0.000000000000000000e+00 -6.190329218106994880e+00 2.050000000000000000e+01 4.841145833333332149e+00
0.000000000000000000e+00 -6.229629629629630294e+00 1.380000000000000071e+01 -1.946875000000000355e+00
0.000000000000000000e+00 -6.333333333333334814e+00 1.333333333333333393e+01 -2.733333333333328952e+00
0.000000000000000000e+00 -6.313932980599645362e+00 1.766666666666666785e+01 1.626488095238102005e+00
0.000000000000000000e+00 -6.357363315696648698e+00 1.625000000000000000e+01 1.478794642857153008e-01
0.000000000000000000e+00 -6.302880658436214034e+00 1.188888888888888928e+01 -4.023263888888886086e+00
0.000000000000000000e+00 -6.220202020202020954e+00 1.369999999999999929e+01 -2.049147727272728758e+00
1.800000000000000000e+01 1.204938271604938294e+01 1.800000000000000000e+01 2.937500000000000000e+00
9.000000000000000000e+00 3.209876543209876587e+00 1.200000000000000000e+01 -2.656250000000000000e+00
8.333333333333333925e+00 2.374485596707821777e+00 1.533333333333333393e+01 2.500000000000035527e-01
6.750000000000000000e+00 5.596707818930051204e-01 1.300000000000000000e+01 -2.658854166666667851e+00
5.400000000000000355e+00 -8.296296296296299388e-01 1.639999999999999858e+01 6.531249999999975131e-01
4.500000000000000000e+00 -1.833333333333334814e+00 1.700000000000000000e+01 9.333333333333371229e-01
4.571428571428571175e+00 -1.742504409171074187e+00 1.428571428571428648e+01 -1.754464285714279370e+00
4.000000000000000000e+00 -2.357363315696648698e+00 1.514285714285714235e+01 -9.592633928571423496e-01
3.555555555555555358e+00 -2.809670781893005120e+00 1.750000000000000000e+01 1.428385416666664298e+00
3.200000000000000178e+00 -3.102880658436213857e+00 1.844444444444444287e+01 2.532291666666667496e+00
2.909090909090909172e+00 -3.311111111111111782e+00 1.669999999999999929e+01 9.508522727272712416e-01
0.000000000000000000e+00 -5.950617283950617065e+00 3.000000000000000000e+01 1.493750000000000000e+01
0.000000000000000000e+00 -5.790123456790123413e+00 1.200000000000000000e+01 -2.656250000000000000e+00
0.000000000000000000e+00 -5.958847736625512148e+00 1.666666666666666785e+01 1.583333333333337478e+00
0.000000000000000000e+00 -6.190329218106994880e+00 1.325000000000000000e+01 -2.408854166666667851e+00
0.000000000000000000e+00 -6.229629629629630294e+00 1.440000000000000036e+01 -1.346875000000000711e+00
0.000000000000000000e+00 -6.333333333333334814e+00 1.566666666666666607e+01 -3.999999999999968026e-01
0.000000000000000000e+00 -6.313932980599645362e+00 1.442857142857142883e+01 -1.611607142857137021e+00
0.000000000000000000e+00 -6.357363315696648698e+00 1.162500000000000000e+01 -4.477120535714284699e+00
0.000000000000000000e+00 -6.302880658436214034e+00 1.811111111111111072e+01 2.198958333333335347e+00
0.000000000000000000e+00 -6.220202020202020954e+00 1.754545454545454675e+01 1.796306818181818699e+00
3.000000000000000000e+01 2.404938271604938294e+01 3.000000000000000000e+01 1.493750000000000000e+01
1.950000000000000000e+01 1.370987654320987659e+01 1.200000000000000000e+01 -2.656250000000000000e+00
2.066666666666666785e+01 1.470781893004115659e+01 1.666666666666666785e+01 1.583333333333337478e+00
2.025000000000000000e+01 1.405967078189300423e+01 1.325000000000000000e+01 -2.408854166666667851e+00
1.900000000000000000e+01 1.277037037037036882e+01 1.440000000000000036e+01 -1.346875000000000711e+00
1.783333333333333215e+01 1.149999999999999645e+01 1.566666666666666607e+01 -3.999999999999968026e-01
1.685714285714285765e+01 1.054320987654321229e+01 1.442857142857142883e+01 -1.611607142857137021e+00
1.662500000000000000e+01 1.026763668430335130e+01 1.162500000000000000e+01 -4.477120535714284699e+00
1.633333333333333215e+01 1.003045267489711811e+01 1.811111111111111072e+01 2.198958333333335347e+00
1.610000000000000142e+01 9.879797979797981355e+00 1.754545454545454675e+01 1.796306818181818699e+00
