1.200000000000000000e+01 7.380952380952381375e+00 1.900000000000000000e+01 -8.500000000000000000e+00
1.150000000000000000e+01 7.010204081632653406e+00 1.900000000000000000e+01 -9.125000000000000000e+00
1.033333333333333393e+01 6.029478458049886136e+00 2.166666666666666785e+01 -6.895833333333332149e+00
0.000000000000000000e+00 -4.619047619047618625e+00 2.000000000000000000e+01 -7.500000000000000000e+00
0.000000000000000000e+00 -4.489795918367346594e+00 1.800000000000000000e+01 -1.012500000000000000e+01
0.000000000000000000e+00 -4.303854875283447790e+00 1.933333333333333215e+01 -9.229166666666667851e+00
3.000000000000000000e+00 -1.619047619047618625e+00 1.400000000000000000e+01 -1.350000000000000000e+01
4.000000000000000000e+00 -4.897959183673465944e-01 2.200000000000000000e+01 -6.125000000000000000e+00
5.000000000000000000e+00 6.961451247165522105e-01 2.133333333333333215e+01 -7.229166666666667851e+00
6.000000000000000000e+00 1.380952380952381375e+00 3.200000000000000000e+01 4.500000000000000000e+00
3.500000000000000000e+00 -9.897959183673465944e-01 1.600000000000000000e+01 -1.212500000000000000e+01
2.333333333333333481e+00 -1.970521541950114308e+00 1.700000000000000000e+01 -1.156250000000000000e+01
2.000000000000000000e+00 -2.619047619047618625e+00 1.500000000000000000e+01 -1.250000000000000000e+01
4.000000000000000000e+00 -4.897959183673465944e-01 1.700000000000000000e+01 -1.112500000000000000e+01
3.666666666666666519e+00 -6.371882086167812709e-01 2.666666666666666785e+01 -1.895833333333332149e+00
3.000000000000000000e+00 -1.619047619047618625e+00 1.600000000000000000e+01 -1.150000000000000000e+01
4.000000000000000000e+00 -4.897959183673465944e-01 2.350000000000000000e+01 -4.625000000000000000e+00
3.000000000000000000e+00 -1.303854875283447790e+00 2.133333333333333215e+01 -7.229166666666667851e+00
0.000000000000000000e+00 -4.619047619047618625e+00 2.600000000000000000e+01 -1.500000000000000000e+00
0.000000000000000000e+00 -4.489795918367346594e+00 1.400000000000000000e+01 -1.412500000000000000e+01
0.000000000000000000e+00 -4.303854875283447790e+00 1.733333333333333215e+01 -1.122916666666666785e+01
0.000000000000000000e+00 -4.619047619047618625e+00 3.700000000000000000e+01 9.500000000000000000e+00
0.000000000000000000e+00 -4.489795918367346594e+00 1.350000000000000000e+01 -1.462500000000000000e+01
1.666666666666666741e+00 -2.637188208616780827e+00 1.866666666666666785e+01 -9.895833333333332149e+00
0.000000000000000000e+00 -4.619047619047618625e+00 1.500000000000000000e+01 -1.250000000000000000e+01
0.000000000000000000e+00 -4.489795918367346594e+00 1.700000000000000000e+01 -1.112500000000000000e+01
0.000000000000000000e+00 -4.303854875283447790e+00 2.666666666666666785e+01 -1.895833333333332149e+00
0.000000000000000000e+00 -4.619047619047618625e+00 1.400000000000000000e+01 -1.350000000000000000e+01
0.000000000000000000e+00 -4.489795918367346594e+00 2.200000000000000000e+01 -6.125000000000000000e+00
0.000000000000000000e+00 -4.303854875283447790e+00 2.133333333333333215e+01 -7.229166666666667851e+00
0.000000000000000000e+00 -4.619047619047618625e+00 1.600000000000000000e+01 -1.150000000000000000e+01
0.000000000000000000e+00 -4.489795918367346594e+00 2.350000000000000000e+01 -4.625000000000000000e+00
0.000000000000000000e+00 -4.303854875283447790e+00 2.133333333333333215e+01 -7.229166666666667851e+00
7.000000000000000000e+00 2.380952380952381375e+00 2.000000000000000000e+01 -7.500000000000000000e+00
5.500000000000000000e+00 1.010204081632653406e+00 2.700000000000000000e+01 -1.125000000000000000e+00
7.333333333333333037e+00 3.029478458049885248e+00 2.600000000000000000e+01 -2.562500000000000000e+00
1.900000000000000000e+01 1.438095238095238138e+01 2.500000000000000000e+01 -2.500000000000000000e+00
9.500000000000000000e+00 5.010204081632653406e+00 2.550000000000000000e+01 -2.625000000000000000e+00
9.666666666666666075e+00 5.362811791383218285e+00 1.600000000000000000e+01 -1.256250000000000000e+01
9.000000000000000000e+00 4.380952380952381375e+00 2.000000000000000000e+01 -7.500000000000000000e+00
4.500000000000000000e+00 1.020408163265340562e-02 2.950000000000000000e+01 1.375000000000000000e+00
4.333333333333333037e+00 2.947845804988524776e-02 2.300000000000000000e+01 -5.562500000000000000e+00
1.500000000000000000e+01 1.038095238095238138e+01 2.600000000000000000e+01 -1.500000000000000000e+00
9.500000000000000000e+00 5.010204081632653406e+00 1.300000000000000000e+01 -1.512500000000000000e+01
1.200000000000000000e+01 7.696145124716552210e+00 1.733333333333333215e+01 -1.122916666666666785e+01
1.000000000000000000e+00 -3.619047619047618625e+00 2.600000000000000000e+01 -1.500000000000000000e+00
5.000000000000000000e-01 -3.989795918367346594e+00 1.400000000000000000e+01 -1.412500000000000000e+01
3.333333333333333148e-01 -3.970521541950114308e+00 1.733333333333333215e+01 -1.122916666666666785e+01
7.000000000000000000e+00 2.380952380952381375e+00 1.200000000000000000e+01 -1.550000000000000000e+01
9.500000000000000000e+00 5.010204081632653406e+00 1.800000000000000000e+01 -1.012500000000000000e+01
6.666666666666666963e+00 2.362811791383219173e+00 1.700000000000000000e+01 -1.156250000000000000e+01
0.000000000000000000e+00 -4.619047619047618625e+00 3.700000000000000000e+01 9.500000000000000000e+00
0.000000000000000000e+00 -4.489795918367346594e+00 1.350000000000000000e+01 -1.462500000000000000e+01
0.000000000000000000e+00 -4.303854875283447790e+00 1.866666666666666785e+01 -9.895833333333332149e+00
0.000000000000000000e+00 -4.619047619047618625e+00 2.800000000000000000e+01 5.000000000000000000e-01
0.000000000000000000e+00 -4.489795918367346594e+00 3.400000000000000000e+01 5.875000000000000000e+00
0.000000000000000000e+00 -4.303854875283447790e+00 1.166666666666666607e+01 -1.689583333333333570e+01
9.000000000000000000e+00 4.380952380952381375e+00 1.200000000000000000e+01 -1.550000000000000000e+01
8.500000000000000000e+00 4.010204081632653406e+00 1.800000000000000000e+01 -1.012500000000000000e+01
7.000000000000000000e+00 2.696145124716552210e+00 1.700000000000000000e+01 -1.156250000000000000e+01
0.000000000000000000e+00 -4.619047619047618625e+00 1.500000000000000000e+01 -1.250000000000000000e+01
0.000000000000000000e+00 -4.489795918367346594e+00 2.100000000000000000e+01 -7.125000000000000000e+00
0.000000000000000000e+00 -4.303854875283447790e+00 1.666666666666666785e+01 -1.189583333333333215e+01
0.000000000000000000e+00 -4.619047619047618625e+00 2.300000000000000000e+01 -4.500000000000000000e+00
0.000000000000000000e+00 -4.489795918367346594e+00 1.350000000000000000e+01 -1.462500000000000000e+01
0.000000000000000000e+00 -4.303854875283447790e+00 2.533333333333333215e+01 -3.229166666666667851e+00
0.000000000000000000e+00 -4.619047619047618625e+00 2.300000000000000000e+01 -4.500000000000000000e+00
0.000000000000000000e+00 -4.489795918367346594e+00 1.350000000000000000e+01 -1.462500000000000000e+01
3.666666666666666519e+00 -6.371882086167812709e-01 2.533333333333333215e+01 -3.229166666666667851e+00
0.000000000000000000e+00 -4.619047619047618625e+00 2.400000000000000000e+01 -3.500000000000000000e+00
1.000000000000000000e+00 -3.489795918367346594e+00 1.200000000000000000e+01 -1.612500000000000000e+01
6.666666666666666297e-01 -3.637188208616781271e+00 1.833333333333333215e+01 -1.022916666666666785e+01
0.000000000000000000e+00 -4.619047619047618625e+00 1.900000000000000000e+01 -8.500000000000000000e+00
0.000000000000000000e+00 -4.489795918367346594e+00 2.050000000000000000e+01 -7.625000000000000000e+00
0.000000000000000000e+00 -4.303854875283447790e+00 1.733333333333333215e+01 -1.122916666666666785e+01
0.000000000000000000e+00 -4.619047619047618625e+00 1.900000000000000000e+01 -8.500000000000000000e+00
0.000000000000000000e+00 -4.489795918367346594e+00 2.050000000000000000e+01 -7.625000000000000000e+00
0.000000000000000000e+00 -4.303854875283447790e+00 1.733333333333333215e+01 -1.122916666666666785e+01
3.000000000000000000e+00 -1.619047619047618625e+00 2.600000000000000000e+01 -1.500000000000000000e+00
1.500000000000000000e+00 -2.989795918367346594e+00 1.400000000000000000e+01 -1.412500000000000000e+01
1.000000000000000000e+00 -3.303854875283447790e+00 1.733333333333333215e+01 -1.122916666666666785e+01
0.000000000000000000e+00 -4.619047619047618625e+00 4.000000000000000000e+00 -2.350000000000000000e+01
1.000000000000000000e+00 -3.489795918367346594e+00 1.700000000000000000e+01 -1.112500000000000000e+01
1.666666666666666741e+00 -2.637188208616780827e+00 1.900000000000000000e+01 -9.562500000000000000e+00
0.000000000000000000e+00 -4.619047619047618625e+00 2.400000000000000000e+01 -3.500000000000000000e+00
0.000000000000000000e+00 -4.489795918367346594e+00 1.200000000000000000e+01 -1.612500000000000000e+01
0.000000000000000000e+00 -4.303854875283447790e+00 1.833333333333333215e+01 -1.022916666666666785e+01
0.000000000000000000e+00 -4.619047619047618625e+00 4.000000000000000000e+01 1.250000000000000000e+01
0.000000000000000000e+00 -4.489795918367346594e+00 2.350000000000000000e+01 -4.625000000000000000e+00
2.000000000000000000e+00 -2.303854875283447790e+00 3.333333333333333570e+01 4.770833333333335702e+00
3.000000000000000000e+00 -1.619047619047618625e+00 2.000000000000000000e+01 -7.500000000000000000e+00
1.500000000000000000e+00 -2.989795918367346594e+00 1.800000000000000000e+01 -1.012500000000000000e+01
1.333333333333333259e+00 -2.970521541950114752e+00 1.933333333333333215e+01 -9.229166666666667851e+00
3.000000000000000000e+00 -1.619047619047618625e+00 2.600000000000000000e+01 -1.500000000000000000e+00
4.500000000000000000e+00 1.020408163265340562e-02 1.300000000000000000e+01 -1.512500000000000000e+01
3.000000000000000000e+00 -1.303854875283447790e+00 1.733333333333333215e+01 -1.122916666666666785e+01
0.000000000000000000e+00 -4.619047619047618625e+00 1.300000000000000000e+01 -1.450000000000000000e+01
0.000000000000000000e+00 -4.489795918367346594e+00 1.700000000000000000e+01 -1.112500000000000000e+01
0.000000000000000000e+00 -4.303854875283447790e+00 1.466666666666666607e+01 -1.389583333333333393e+01
0.000000000000000000e+00 -4.619047619047618625e+00 1.400000000000000000e+01 -1.350000000000000000e+01
0.000000000000000000e+00 -4.489795918367346594e+00 2.200000000000000000e+01 -6.125000000000000000e+00
0.000000000000000000e+00 -4.303854875283447790e+00 2.133333333333333215e+01 -7.229166666666667851e+00
0.000000000000000000e+00 -4.619047619047618625e+00 2.300000000000000000e+01 -4.500000000000000000e+00
0.000000000000000000e+00 -4.489795918367346594e+00 2.550000000000000000e+01 -2.625000000000000000e+00
0.000000000000000000e+00 -4.303854875283447790e+00 2.766666666666666785e+01 -8.958333333333321491e-01
0.000000000000000000e+00 -4.619047619047618625e+00 1.300000000000000000e+01 -1.450000000000000000e+01
0.000000000000000000e+00 -4.489795918367346594e+00 2.300000000000000000e+01 -5.125000000000000000e+00
2.000000000000000000e+00 -2.303854875283447790e+00 2.533333333333333215e+01 -3.229166666666667851e+00
0.000000000000000000e+00 -4.619047619047618625e+00 1.900000000000000000e+01 -8.500000000000000000e+00
0.000000000000000000e+00 -4.489795918367346594e+00 1.900000000000000000e+01 -9.125000000000000000e+00
3.333333333333333148e-01 -3.970521541950114308e+00 2.166666666666666785e+01 -6.895833333333332149e+00
1.500000000000000000e+01 1.038095238095238138e+01 2.100000000000000000e+01 -6.500000000000000000e+00
1.250000000000000000e+01 8.010204081632654294e+00 1.200000000000000000e+01 -1.612500000000000000e+01
1.533333333333333393e+01 1.102947845804988702e+01 2.466666666666666785e+01 -3.895833333333332149e+00
9.000000000000000000e+00 4.380952380952381375e+00 3.700000000000000000e+01 9.500000000000000000e+00
7.000000000000000000e+00 2.510204081632653406e+00 1.350000000000000000e+01 -1.462500000000000000e+01
6.333333333333333037e+00 2.029478458049885248e+00 1.866666666666666785e+01 -9.895833333333332149e+00
1.100000000000000000e+01 6.380952380952381375e+00 2.300000000000000000e+01 -4.500000000000000000e+00
6.000000000000000000e+00 1.510204081632653406e+00 2.550000000000000000e+01 -2.625000000000000000e+00
7.666666666666666963e+00 3.362811791383219173e+00 2.766666666666666785e+01 -8.958333333333321491e-01
0.000000000000000000e+00 -4.619047619047618625e+00 1.400000000000000000e+01 -1.350000000000000000e+01
0.000000000000000000e+00 -4.489795918367346594e+00 1.600000000000000000e+01 -1.212500000000000000e+01
0.000000000000000000e+00 -4.303854875283447790e+00 2.033333333333333215e+01 -8.229166666666667851e+00
3.000000000000000000e+00 -1.619047619047618625e+00 1.300000000000000000e+01 -1.450000000000000000e+01
1.500000000000000000e+00 -2.989795918367346594e+00 1.700000000000000000e+01 -1.112500000000000000e+01
1.333333333333333259e+00 -2.970521541950114752e+00 1.466666666666666607e+01 -1.389583333333333393e+01
8.000000000000000000e+00 3.380952380952381375e+00 2.800000000000000000e+01 5.000000000000000000e-01
1.700000000000000000e+01 1.251020408163265429e+01 3.400000000000000000e+01 5.875000000000000000e+00
1.300000000000000000e+01 8.696145124716551322e+00 1.166666666666666607e+01 -1.689583333333333570e+01
9.000000000000000000e+00 4.380952380952381375e+00 2.600000000000000000e+01 -1.500000000000000000e+00
4.500000000000000000e+00 1.020408163265340562e-02 1.950000000000000000e+01 -8.625000000000000000e+00
5.666666666666666963e+00 1.362811791383219173e+00 2.000000000000000000e+01 -8.562500000000000000e+00
1.000000000000000000e+00 -3.619047619047618625e+00 2.500000000000000000e+01 -2.500000000000000000e+00
3.000000000000000000e+00 -1.489795918367346594e+00 2.550000000000000000e+01 -2.625000000000000000e+00
2.333333333333333481e+00 -1.970521541950114308e+00 1.600000000000000000e+01 -1.256250000000000000e+01
1.100000000000000000e+01 6.380952380952381375e+00 2.600000000000000000e+01 -1.500000000000000000e+00
6.500000000000000000e+00 2.010204081632653406e+00 1.450000000000000000e+01 -1.362500000000000000e+01
7.333333333333333037e+00 3.029478458049885248e+00 2.500000000000000000e+01 -3.562500000000000000e+00
2.000000000000000000e+00 -2.619047619047618625e+00 1.600000000000000000e+01 -1.150000000000000000e+01
4.000000000000000000e+00 -4.897959183673465944e-01 2.350000000000000000e+01 -4.625000000000000000e+00
8.000000000000000000e+00 3.696145124716552210e+00 2.133333333333333215e+01 -7.229166666666667851e+00
0.000000000000000000e+00 -4.619047619047618625e+00 1.000000000000000000e+01 -1.750000000000000000e+01
5.000000000000000000e-01 -3.989795918367346594e+00 1.500000000000000000e+01 -1.312500000000000000e+01
3.333333333333333148e-01 -3.970521541950114308e+00 1.300000000000000000e+01 -1.556250000000000000e+01
0.000000000000000000e+00 -4.619047619047618625e+00 2.600000000000000000e+01 -1.500000000000000000e+00
0.000000000000000000e+00 -4.489795918367346594e+00 1.400000000000000000e+01 -1.412500000000000000e+01
3.333333333333333148e-01 -3.970521541950114308e+00 1.733333333333333215e+01 -1.122916666666666785e+01
7.000000000000000000e+00 2.380952380952381375e+00 1.500000000000000000e+01 -1.250000000000000000e+01
4.000000000000000000e+00 -4.897959183673465944e-01 1.700000000000000000e+01 -1.112500000000000000e+01
9.000000000000000000e+00 4.696145124716552210e+00 2.666666666666666785e+01 -1.895833333333332149e+00
0.000000000000000000e+00 -4.619047619047618625e+00 2.500000000000000000e+01 -2.500000000000000000e+00
0.000000000000000000e+00 -4.489795918367346594e+00 2.550000000000000000e+01 -2.625000000000000000e+00
0.000000000000000000e+00 -4.303854875283447790e+00 1.600000000000000000e+01 -1.256250000000000000e+01
3.000000000000000000e+00 -1.619047619047618625e+00 2.900000000000000000e+01 1.500000000000000000e+00
5.000000000000000000e-01 -3.989795918367346594e+00 1.900000000000000000e+01 -9.125000000000000000e+00
6.666666666666666297e-01 -3.637188208616781271e+00 1.733333333333333215e+01 -1.122916666666666785e+01
9.000000000000000000e+00 4.380952380952381375e+00 2.200000000000000000e+01 -5.500000000000000000e+00
5.500000000000000000e+00 1.010204081632653406e+00 2.050000000000000000e+01 -7.625000000000000000e+00
5.666666666666666963e+00 1.362811791383219173e+00 2.133333333333333215e+01 -7.229166666666667851e+00
0.000000000000000000e+00 -4.619047619047618625e+00 3.200000000000000000e+01 4.500000000000000000e+00
0.000000000000000000e+00 -4.489795918367346594e+00 1.600000000000000000e+01 -1.212500000000000000e+01
0.000000000000000000e+00 -4.303854875283447790e+00 1.700000000000000000e+01 -1.156250000000000000e+01
9.000000000000000000e+00 4.380952380952381375e+00 1.900000000000000000e+01 -8.500000000000000000e+00
4.500000000000000000e+00 1.020408163265340562e-02 2.050000000000000000e+01 -7.625000000000000000e+00
6.000000000000000000e+00 1.696145124716552210e+00 1.733333333333333215e+01 -1.122916666666666785e+01
0.000000000000000000e+00 -4.619047619047618625e+00 1.700000000000000000e+01 -1.050000000000000000e+01
0.000000000000000000e+00 -4.489795918367346594e+00 2.000000000000000000e+01 -8.125000000000000000e+00
1.333333333333333259e+00 -2.970521541950114752e+00 1.666666666666666785e+01 -1.189583333333333215e+01
7.000000000000000000e+00 2.380952380952381375e+00 1.300000000000000000e+01 -1.450000000000000000e+01
3.500000000000000000e+00 -9.897959183673465944e-01 1.700000000000000000e+01 -1.112500000000000000e+01
2.666666666666666519e+00 -1.637188208616781271e+00 1.466666666666666607e+01 -1.389583333333333393e+01
1.400000000000000000e+01 9.380952380952381375e+00 2.300000000000000000e+01 -4.500000000000000000e+00
1.100000000000000000e+01 6.510204081632653406e+00 1.350000000000000000e+01 -1.462500000000000000e+01
1.100000000000000000e+01 6.696145124716552210e+00 2.533333333333333215e+01 -3.229166666666667851e+00
0.000000000000000000e+00 -4.619047619047618625e+00 2.000000000000000000e+01 -7.500000000000000000e+00
0.000000000000000000e+00 -4.489795918367346594e+00 2.700000000000000000e+01 -1.125000000000000000e+00
0.000000000000000000e+00 -4.303854875283447790e+00 2.600000000000000000e+01 -2.562500000000000000e+00
9.000000000000000000e+00 4.380952380952381375e+00 4.000000000000000000e+01 1.250000000000000000e+01
1.150000000000000000e+01 7.010204081632653406e+00 2.350000000000000000e+01 -4.625000000000000000e+00
1.700000000000000000e+01 1.269614512471655132e+01 3.333333333333333570e+01 4.770833333333335702e+00
0.000000000000000000e+00 -4.619047619047618625e+00 1.200000000000000000e+01 -1.550000000000000000e+01
0.000000000000000000e+00 -4.489795918367346594e+00 1.800000000000000000e+01 -1.012500000000000000e+01
0.000000000000000000e+00 -4.303854875283447790e+00 1.700000000000000000e+01 -1.156250000000000000e+01
0.000000000000000000e+00 -4.619047619047618625e+00 2.600000000000000000e+01 -1.500000000000000000e+00
5.000000000000000000e-01 -3.989795918367346594e+00 1.300000000000000000e+01 -1.512500000000000000e+01
1.666666666666666741e+00 -2.637188208616780827e+00 1.733333333333333215e+01 -1.122916666666666785e+01
0.000000000000000000e+00 -4.619047619047618625e+00 1.700000000000000000e+01 -1.050000000000000000e+01
5.000000000000000000e-01 -3.989795918367346594e+00 2.000000000000000000e+01 -8.125000000000000000e+00
3.333333333333333148e-01 -3.970521541950114308e+00 1.666666666666666785e+01 -1.189583333333333215e+01
1.000000000000000000e+00 -3.619047619047618625e+00 2.100000000000000000e+01 -6.500000000000000000e+00
5.000000000000000000e-01 -3.989795918367346594e+00 1.200000000000000000e+01 -1.612500000000000000e+01
6.666666666666666297e-01 -3.637188208616781271e+00 2.466666666666666785e+01 -3.895833333333332149e+00
2.000000000000000000e+00 -2.619047619047618625e+00 2.300000000000000000e+01 -4.500000000000000000e+00
3.500000000000000000e+00 -9.897959183673465944e-01 2.550000000000000000e+01 -2.625000000000000000e+00
2.666666666666666519e+00 -1.637188208616781271e+00 2.766666666666666785e+01 -8.958333333333321491e-01
0.000000000000000000e+00 -4.619047619047618625e+00 1.500000000000000000e+01 -1.250000000000000000e+01
0.000000000000000000e+00 -4.489795918367346594e+00 1.700000000000000000e+01 -1.112500000000000000e+01
0.000000000000000000e+00 -4.303854875283447790e+00 2.666666666666666785e+01 -1.895833333333332149e+00
1.000000000000000000e+00 -3.619047619047618625e+00 2.000000000000000000e+01 -7.500000000000000000e+00
1.000000000000000000e+00 -3.489795918367346594e+00 2.950000000000000000e+01 1.375000000000000000e+00
3.333333333333333481e+00 -9.705215419501143082e-01 2.300000000000000000e+01 -5.562500000000000000e+00
0.000000000000000000e+00 -4.619047619047618625e+00 2.000000000000000000e+01 -7.500000000000000000e+00
0.000000000000000000e+00 -4.489795918367346594e+00 2.700000000000000000e+01 -1.125000000000000000e+00
0.000000000000000000e+00 -4.303854875283447790e+00 2.600000000000000000e+01 -2.562500000000000000e+00
0.000000000000000000e+00 -4.619047619047618625e+00 4.000000000000000000e+00 -2.350000000000000000e+01
0.000000000000000000e+00 -4.489795918367346594e+00 1.700000000000000000e+01 -1.112500000000000000e+01
0.000000000000000000e+00 -4.303854875283447790e+00 1.900000000000000000e+01 -9.562500000000000000e+00
0.000000000000000000e+00 -4.619047619047618625e+00 1.500000000000000000e+01 -1.250000000000000000e+01
0.000000000000000000e+00 -4.489795918367346594e+00 1.700000000000000000e+01 -1.112500000000000000e+01
0.000000000000000000e+00 -4.303854875283447790e+00 2.666666666666666785e+01 -1.895833333333332149e+00
2.000000000000000000e+00 -2.619047619047618625e+00 1.900000000000000000e+01 -8.500000000000000000e+00
2.500000000000000000e+00 -1.989795918367346594e+00 1.900000000000000000e+01 -9.125000000000000000e+00
4.333333333333333037e+00 2.947845804988524776e-02 2.166666666666666785e+01 -6.895833333333332149e+00
0.000000000000000000e+00 -4.619047619047618625e+00 1.900000000000000000e+01 -8.500000000000000000e+00
1.000000000000000000e+00 -3.489795918367346594e+00 1.900000000000000000e+01 -9.125000000000000000e+00
6.666666666666666297e-01 -3.637188208616781271e+00 2.166666666666666785e+01 -6.895833333333332149e+00
1.000000000000000000e+01 5.380952380952381375e+00 2.400000000000000000e+01 -3.500000000000000000e+00
6.500000000000000000e+00 2.010204081632653406e+00 1.200000000000000000e+01 -1.612500000000000000e+01
5.666666666666666963e+00 1.362811791383219173e+00 1.833333333333333215e+01 -1.022916666666666785e+01
5.000000000000000000e+00 3.809523809523813753e-01 2.600000000000000000e+01 -1.500000000000000000e+00
2.500000000000000000e+00 -1.989795918367346594e+00 1.450000000000000000e+01 -1.362500000000000000e+01
1.666666666666666741e+00 -2.637188208616780827e+00 2.500000000000000000e+01 -3.562500000000000000e+00
0.000000000000000000e+00 -4.619047619047618625e+00 1.400000000000000000e+01 -1.350000000000000000e+01
0.000000000000000000e+00 -4.489795918367346594e+00 1.600000000000000000e+01 -1.212500000000000000e+01
0.000000000000000000e+00 -4.303854875283447790e+00 2.033333333333333215e+01 -8.229166666666667851e+00
0.000000000000000000e+00 -4.619047619047618625e+00 4.000000000000000000e+00 -2.350000000000000000e+01
0.000000000000000000e+00 -4.489795918367346594e+00 1.700000000000000000e+01 -1.112500000000000000e+01
0.000000000000000000e+00 -4.303854875283447790e+00 1.900000000000000000e+01 -9.562500000000000000e+00
2.000000000000000000e+00 -2.619047619047618625e+00 2.000000000000000000e+01 -7.500000000000000000e+00
2.000000000000000000e+00 -2.489795918367346594e+00 2.700000000000000000e+01 -1.125000000000000000e+00
1.333333333333333259e+00 -2.970521541950114752e+00 2.600000000000000000e+01 -2.562500000000000000e+00
0.000000000000000000e+00 -4.619047619047618625e+00 3.100000000000000000e+01 3.500000000000000000e+00
0.000000000000000000e+00 -4.489795918367346594e+00 1.750000000000000000e+01 -1.062500000000000000e+01
0.000000000000000000e+00 -4.303854875283447790e+00 2.400000000000000000e+01 -4.562500000000000000e+00
3.000000000000000000e+00 -1.619047619047618625e+00 2.400000000000000000e+01 -3.500000000000000000e+00
3.000000000000000000e+00 -1.489795918367346594e+00 1.200000000000000000e+01 -1.612500000000000000e+01
2.333333333333333481e+00 -1.970521541950114308e+00 1.833333333333333215e+01 -1.022916666666666785e+01
0.000000000000000000e+00 -4.619047619047618625e+00 1.700000000000000000e+01 -1.050000000000000000e+01
0.000000000000000000e+00 -4.489795918367346594e+00 2.000000000000000000e+01 -8.125000000000000000e+00
0.000000000000000000e+00 -4.303854875283447790e+00 1.666666666666666785e+01 -1.189583333333333215e+01
6.000000000000000000e+00 1.380952380952381375e+00 1.500000000000000000e+01 -1.250000000000000000e+01
3.500000000000000000e+00 -9.897959183673465944e-01 1.700000000000000000e+01 -1.112500000000000000e+01
8.000000000000000000e+00 3.696145124716552210e+00 2.666666666666666785e+01 -1.895833333333332149e+00
0.000000000000000000e+00 -4.619047619047618625e+00 2.600000000000000000e+01 -1.500000000000000000e+00
0.000000000000000000e+00 -4.489795918367346594e+00 1.950000000000000000e+01 -8.625000000000000000e+00
0.000000000000000000e+00 -4.303854875283447790e+00 2.000000000000000000e+01 -8.562500000000000000e+00
0.000000000000000000e+00 -4.619047619047618625e+00 2.500000000000000000e+01 -2.500000000000000000e+00
2.000000000000000000e+00 -2.489795918367346594e+00 2.550000000000000000e+01 -2.625000000000000000e+00
1.333333333333333259e+00 -2.970521541950114752e+00 1.600000000000000000e+01 -1.256250000000000000e+01
0.000000000000000000e+00 -4.619047619047618625e+00 2.900000000000000000e+01 1.500000000000000000e+00
0.000000000000000000e+00 -4.489795918367346594e+00 1.900000000000000000e+01 -9.125000000000000000e+00
0.000000000000000000e+00 -4.303854875283447790e+00 1.733333333333333215e+01 -1.122916666666666785e+01
4.000000000000000000e+00 -6.190476190476186247e-01 2.200000000000000000e+01 -5.500000000000000000e+00
5.000000000000000000e+00 5.102040816326534056e-01 2.050000000000000000e+01 -7.625000000000000000e+00
6.000000000000000000e+00 1.696145124716552210e+00 2.133333333333333215e+01 -7.229166666666667851e+00
1.100000000000000000e+01 6.380952380952381375e+00 1.600000000000000000e+01 -1.150000000000000000e+01
5.500000000000000000e+00 1.010204081632653406e+00 2.350000000000000000e+01 -4.625000000000000000e+00
6.666666666666666963e+00 2.362811791383219173e+00 2.133333333333333215e+01 -7.229166666666667851e+00
0.000000000000000000e+00 -4.619047619047618625e+00 2.600000000000000000e+01 -1.500000000000000000e+00
0.000000000000000000e+00 -4.489795918367346594e+00 1.300000000000000000e+01 -1.512500000000000000e+01
6.666666666666666297e-01 -3.637188208616781271e+00 1.733333333333333215e+01 -1.122916666666666785e+01
1.800000000000000000e+01 1.338095238095238138e+01 3.100000000000000000e+01 3.500000000000000000e+00
1.150000000000000000e+01 7.010204081632653406e+00 1.750000000000000000e+01 -1.062500000000000000e+01
9.666666666666666075e+00 5.362811791383218285e+00 2.400000000000000000e+01 -4.562500000000000000e+00
1.100000000000000000e+01 6.380952380952381375e+00 2.000000000000000000e+01 -7.500000000000000000e+00
1.650000000000000000e+01 1.201020408163265429e+01 2.700000000000000000e+01 -1.125000000000000000e+00
1.100000000000000000e+01 6.696145124716552210e+00 2.600000000000000000e+01 -2.562500000000000000e+00
0.000000000000000000e+00 -4.619047619047618625e+00 1.300000000000000000e+01 -1.450000000000000000e+01
0.000000000000000000e+00 -4.489795918367346594e+00 2.300000000000000000e+01 -5.125000000000000000e+00
0.000000000000000000e+00 -4.303854875283447790e+00 2.533333333333333215e+01 -3.229166666666667851e+00
5.000000000000000000e+00 3.809523809523813753e-01 2.600000000000000000e+01 -1.500000000000000000e+00
1.050000000000000000e+01 6.010204081632653406e+00 1.450000000000000000e+01 -1.362500000000000000e+01
1.166666666666666607e+01 7.362811791383218285e+00 2.500000000000000000e+01 -3.562500000000000000e+00
9.000000000000000000e+00 4.380952380952381375e+00 1.400000000000000000e+01 -1.350000000000000000e+01
6.000000000000000000e+00 1.510204081632653406e+00 1.600000000000000000e+01 -1.212500000000000000e+01
5.000000000000000000e+00 6.961451247165522105e-01 2.033333333333333215e+01 -8.229166666666667851e+00
4.000000000000000000e+00 -6.190476190476186247e-01 2.600000000000000000e+01 -1.500000000000000000e+00
2.500000000000000000e+00 -1.989795918367346594e+00 1.450000000000000000e+01 -1.362500000000000000e+01
1.666666666666666741e+00 -2.637188208616780827e+00 2.500000000000000000e+01 -3.562500000000000000e+00
2.000000000000000000e+00 -2.619047619047618625e+00 1.000000000000000000e+01 -1.750000000000000000e+01
1.000000000000000000e+00 -3.489795918367346594e+00 1.500000000000000000e+01 -1.312500000000000000e+01
6.666666666666666297e-01 -3.637188208616781271e+00 1.300000000000000000e+01 -1.556250000000000000e+01
2.000000000000000000e+00 -2.619047619047618625e+00 4.000000000000000000e+00 -2.350000000000000000e+01
1.500000000000000000e+00 -2.989795918367346594e+00 1.700000000000000000e+01 -1.112500000000000000e+01
1.000000000000000000e+00 -3.303854875283447790e+00 1.900000000000000000e+01 -9.562500000000000000e+00
0.000000000000000000e+00 -4.619047619047618625e+00 2.300000000000000000e+01 -4.500000000000000000e+00
0.000000000000000000e+00 -4.489795918367346594e+00 1.350000000000000000e+01 -1.462500000000000000e+01
3.333333333333333148e-01 -3.970521541950114308e+00 2.533333333333333215e+01 -3.229166666666667851e+00
0.000000000000000000e+00 -4.619047619047618625e+00 2.600000000000000000e+01 -1.500000000000000000e+00
0.000000000000000000e+00 -4.489795918367346594e+00 1.950000000000000000e+01 -8.625000000000000000e+00
0.000000000000000000e+00 -4.303854875283447790e+00 2.000000000000000000e+01 -8.562500000000000000e+00
0.000000000000000000e+00 -4.619047619047618625e+00 2.600000000000000000e+01 -1.500000000000000000e+00
5.500000000000000000e+00 1.010204081632653406e+00 1.300000000000000000e+01 -1.512500000000000000e+01
4.000000000000000000e+00 -3.038548752834477895e-01 1.733333333333333215e+01 -1.122916666666666785e+01
3.000000000000000000e+00 -1.619047619047618625e+00 2.100000000000000000e+01 -6.500000000000000000e+00
2.000000000000000000e+00 -2.489795918367346594e+00 1.200000000000000000e+01 -1.612500000000000000e+01
7.000000000000000000e+00 2.696145124716552210e+00 2.466666666666666785e+01 -3.895833333333332149e+00
0.000000000000000000e+00 -4.619047619047618625e+00 2.900000000000000000e+01 1.500000000000000000e+00
0.000000000000000000e+00 -4.489795918367346594e+00 1.900000000000000000e+01 -9.125000000000000000e+00
0.000000000000000000e+00 -4.303854875283447790e+00 1.733333333333333215e+01 -1.122916666666666785e+01
3.000000000000000000e+00 -1.619047619047618625e+00 1.200000000000000000e+01 -1.550000000000000000e+01
4.000000000000000000e+00 -4.897959183673465944e-01 1.800000000000000000e+01 -1.012500000000000000e+01
7.333333333333333037e+00 3.029478458049885248e+00 1.700000000000000000e+01 -1.156250000000000000e+01
5.000000000000000000e+00 3.809523809523813753e-01 2.600000000000000000e+01 -1.500000000000000000e+00
3.000000000000000000e+00 -1.489795918367346594e+00 1.400000000000000000e+01 -1.412500000000000000e+01
2.666666666666666519e+00 -1.637188208616781271e+00 1.733333333333333215e+01 -1.122916666666666785e+01
3.000000000000000000e+00 -1.619047619047618625e+00 1.300000000000000000e+01 -1.450000000000000000e+01
1.000000000000000000e+01 5.510204081632653406e+00 1.700000000000000000e+01 -1.112500000000000000e+01
7.000000000000000000e+00 2.696145124716552210e+00 1.466666666666666607e+01 -1.389583333333333393e+01
1.700000000000000000e+01 1.238095238095238138e+01 2.600000000000000000e+01 -1.500000000000000000e+00
1.200000000000000000e+01 7.510204081632653406e+00 1.400000000000000000e+01 -1.412500000000000000e+01
1.133333333333333393e+01 7.029478458049886136e+00 1.733333333333333215e+01 -1.122916666666666785e+01
1.000000000000000000e+00 -3.619047619047618625e+00 2.600000000000000000e+01 -1.500000000000000000e+00
5.000000000000000000e-01 -3.989795918367346594e+00 1.450000000000000000e+01 -1.362500000000000000e+01
3.333333333333333148e-01 -3.970521541950114308e+00 2.500000000000000000e+01 -3.562500000000000000e+00
0.000000000000000000e+00 -4.619047619047618625e+00 2.600000000000000000e+01 -1.500000000000000000e+00
1.500000000000000000e+00 -2.989795918367346594e+00 1.950000000000000000e+01 -8.625000000000000000e+00
1.666666666666666741e+00 -2.637188208616780827e+00 2.000000000000000000e+01 -8.562500000000000000e+00
2.000000000000000000e+00 -2.619047619047618625e+00 2.300000000000000000e+01 -4.500000000000000000e+00
4.000000000000000000e+00 -4.897959183673465944e-01 2.550000000000000000e+01 -2.625000000000000000e+00
2.666666666666666519e+00 -1.637188208616781271e+00 2.766666666666666785e+01 -8.958333333333321491e-01
1.000000000000000000e+01 5.380952380952381375e+00 2.000000000000000000e+01 -7.500000000000000000e+00
5.000000000000000000e+00 5.102040816326534056e-01 1.800000000000000000e+01 -1.012500000000000000e+01
4.333333333333333037e+00 2.947845804988524776e-02 1.933333333333333215e+01 -9.229166666666667851e+00
0.000000000000000000e+00 -4.619047619047618625e+00 4.000000000000000000e+00 -2.350000000000000000e+01
0.000000000000000000e+00 -4.489795918367346594e+00 1.700000000000000000e+01 -1.112500000000000000e+01
0.000000000000000000e+00 -4.303854875283447790e+00 1.900000000000000000e+01 -9.562500000000000000e+00
3.000000000000000000e+00 -1.619047619047618625e+00 3.200000000000000000e+01 4.500000000000000000e+00
1.500000000000000000e+00 -2.989795918367346594e+00 1.600000000000000000e+01 -1.212500000000000000e+01
6.666666666666666297e-01 -3.637188208616781271e+00 1.700000000000000000e+01 -1.156250000000000000e+01
8.000000000000000000e+00 3.380952380952381375e+00 2.000000000000000000e+01 -7.500000000000000000e+00
7.500000000000000000e+00 3.010204081632653406e+00 2.950000000000000000e+01 1.375000000000000000e+00
7.666666666666666963e+00 3.362811791383219173e+00 2.300000000000000000e+01 -5.562500000000000000e+00
0.000000000000000000e+00 -4.619047619047618625e+00 1.500000000000000000e+01 -1.250000000000000000e+01
0.000000000000000000e+00 -4.489795918367346594e+00 2.100000000000000000e+01 -7.125000000000000000e+00
0.000000000000000000e+00 -4.303854875283447790e+00 1.666666666666666785e+01 -1.189583333333333215e+01
0.000000000000000000e+00 -4.619047619047618625e+00 1.300000000000000000e+01 -1.450000000000000000e+01
0.000000000000000000e+00 -4.489795918367346594e+00 1.700000000000000000e+01 -1.112500000000000000e+01
0.000000000000000000e+00 -4.303854875283447790e+00 1.466666666666666607e+01 -1.389583333333333393e+01
2.000000000000000000e+00 -2.619047619047618625e+00 2.000000000000000000e+01 -7.500000000000000000e+00
6.000000000000000000e+00 1.510204081632653406e+00 2.950000000000000000e+01 1.375000000000000000e+00
7.666666666666666963e+00 3.362811791383219173e+00 2.300000000000000000e+01 -5.562500000000000000e+00
6.000000000000000000e+00 1.380952380952381375e+00 4.000000000000000000e+01 1.250000000000000000e+01
4.500000000000000000e+00 1.020408163265340562e-02 2.350000000000000000e+01 -4.625000000000000000e+00
5.333333333333333037e+00 1.029478458049885248e+00 3.333333333333333570e+01 4.770833333333335702e+00
0.000000000000000000e+00 -4.619047619047618625e+00 3.200000000000000000e+01 4.500000000000000000e+00
3.500000000000000000e+00 -9.897959183673465944e-01 1.600000000000000000e+01 -1.212500000000000000e+01
4.666666666666666963e+00 3.628117913832191732e-01 1.700000000000000000e+01 -1.156250000000000000e+01
0.000000000000000000e+00 -4.619047619047618625e+00 1.000000000000000000e+01 -1.750000000000000000e+01
2.000000000000000000e+00 -2.489795918367346594e+00 1.500000000000000000e+01 -1.312500000000000000e+01
2.333333333333333481e+00 -1.970521541950114308e+00 1.300000000000000000e+01 -1.556250000000000000e+01
9.000000000000000000e+00 4.380952380952381375e+00 4.000000000000000000e+01 1.250000000000000000e+01
4.500000000000000000e+00 1.020408163265340562e-02 2.350000000000000000e+01 -4.625000000000000000e+00
8.333333333333333925e+00 4.029478458049886136e+00 3.333333333333333570e+01 4.770833333333335702e+00
8.000000000000000000e+00 3.380952380952381375e+00 1.000000000000000000e+01 -1.750000000000000000e+01
4.500000000000000000e+00 1.020408163265340562e-02 1.500000000000000000e+01 -1.312500000000000000e+01
3.333333333333333481e+00 -9.705215419501143082e-01 1.300000000000000000e+01 -1.556250000000000000e+01
9.000000000000000000e+00 4.380952380952381375e+00 2.000000000000000000e+01 -7.500000000000000000e+00
1.200000000000000000e+01 7.510204081632653406e+00 1.800000000000000000e+01 -1.012500000000000000e+01
9.333333333333333925e+00 5.029478458049886136e+00 1.933333333333333215e+01 -9.229166666666667851e+00
4.000000000000000000e+00 -6.190476190476186247e-01 1.300000000000000000e+01 -1.450000000000000000e+01
8.000000000000000000e+00 3.510204081632653406e+00 2.300000000000000000e+01 -5.125000000000000000e+00
7.000000000000000000e+00 2.696145124716552210e+00 2.533333333333333215e+01 -3.229166666666667851e+00
0.000000000000000000e+00 -4.619047619047618625e+00 1.300000000000000000e+01 -1.450000000000000000e+01
0.000000000000000000e+00 -4.489795918367346594e+00 2.300000000000000000e+01 -5.125000000000000000e+00
0.000000000000000000e+00 -4.303854875283447790e+00 2.533333333333333215e+01 -3.229166666666667851e+00
0.000000000000000000e+00 -4.619047619047618625e+00 2.300000000000000000e+01 -4.500000000000000000e+00
0.000000000000000000e+00 -4.489795918367346594e+00 1.350000000000000000e+01 -1.462500000000000000e+01
0.000000000000000000e+00 -4.303854875283447790e+00 2.533333333333333215e+01 -3.229166666666667851e+00
0.000000000000000000e+00 -4.619047619047618625e+00 3.200000000000000000e+01 4.500000000000000000e+00
0.000000000000000000e+00 -4.489795918367346594e+00 1.600000000000000000e+01 -1.212500000000000000e+01
3.000000000000000000e+00 -1.303854875283447790e+00 1.700000000000000000e+01 -1.156250000000000000e+01
0.000000000000000000e+00 -4.619047619047618625e+00 2.200000000000000000e+01 -5.500000000000000000e+00
5.000000000000000000e-01 -3.989795918367346594e+00 2.050000000000000000e+01 -7.625000000000000000e+00
2.000000000000000000e+00 -2.303854875283447790e+00 2.133333333333333215e+01 -7.229166666666667851e+00
3.000000000000000000e+00 -1.619047619047618625e+00 1.400000000000000000e+01 -1.350000000000000000e+01
3.500000000000000000e+00 -9.897959183673465944e-01 2.200000000000000000e+01 -6.125000000000000000e+00
4.000000000000000000e+00 -3.038548752834477895e-01 2.133333333333333215e+01 -7.229166666666667851e+00
0.000000000000000000e+00 -4.619047619047618625e+00 4.000000000000000000e+00 -2.350000000000000000e+01
4.500000000000000000e+00 1.020408163265340562e-02 1.700000000000000000e+01 -1.112500000000000000e+01
3.666666666666666519e+00 -6.371882086167812709e-01 1.900000000000000000e+01 -9.562500000000000000e+00
0.000000000000000000e+00 -4.619047619047618625e+00 1.600000000000000000e+01 -1.150000000000000000e+01
0.000000000000000000e+00 -4.489795918367346594e+00 2.350000000000000000e+01 -4.625000000000000000e+00
0.000000000000000000e+00 -4.303854875283447790e+00 2.133333333333333215e+01 -7.229166666666667851e+00
0.000000000000000000e+00 -4.619047619047618625e+00 2.100000000000000000e+01 -6.500000000000000000e+00
0.000000000000000000e+00 -4.489795918367346594e+00 1.200000000000000000e+01 -1.612500000000000000e+01
0.000000000000000000e+00 -4.303854875283447790e+00 2.466666666666666785e+01 -3.895833333333332149e+00
0.000000000000000000e+00 -4.619047619047618625e+00 3.200000000000000000e+01 4.500000000000000000e+00
0.000000000000000000e+00 -4.489795918367346594e+00 1.600000000000000000e+01 -1.212500000000000000e+01
0.000000000000000000e+00 -4.303854875283447790e+00 1.700000000000000000e+01 -1.156250000000000000e+01
8.000000000000000000e+00 3.380952380952381375e+00 2.300000000000000000e+01 -4.500000000000000000e+00
5.000000000000000000e+00 5.102040816326534056e-01 2.550000000000000000e+01 -2.625000000000000000e+00
9.000000000000000000e+00 4.696145124716552210e+00 2.766666666666666785e+01 -8.958333333333321491e-01
2.000000000000000000e+00 -2.619047619047618625e+00 4.000000000000000000e+00 -2.350000000000000000e+01
4.000000000000000000e+00 -4.897959183673465944e-01 1.700000000000000000e+01 -1.112500000000000000e+01
8.000000000000000000e+00 3.696145124716552210e+00 1.900000000000000000e+01 -9.562500000000000000e+00
0.000000000000000000e+00 -4.619047619047618625e+00 2.800000000000000000e+01 5.000000000000000000e-01
2.500000000000000000e+00 -1.989795918367346594e+00 3.400000000000000000e+01 5.875000000000000000e+00
2.000000000000000000e+00 -2.303854875283447790e+00 1.166666666666666607e+01 -1.689583333333333570e+01
0.000000000000000000e+00 -4.619047619047618625e+00 2.900000000000000000e+01 1.500000000000000000e+00
0.000000000000000000e+00 -4.489795918367346594e+00 1.900000000000000000e+01 -9.125000000000000000e+00
0.000000000000000000e+00 -4.303854875283447790e+00 1.733333333333333215e+01 -1.122916666666666785e+01
2.300000000000000000e+01 1.838095238095237960e+01 3.200000000000000000e+01 4.500000000000000000e+00
1.200000000000000000e+01 7.510204081632653406e+00 1.600000000000000000e+01 -1.212500000000000000e+01
1.200000000000000000e+01 7.696145124716552210e+00 1.700000000000000000e+01 -1.156250000000000000e+01
0.000000000000000000e+00 -4.619047619047618625e+00 1.900000000000000000e+01 -8.500000000000000000e+00
0.000000000000000000e+00 -4.489795918367346594e+00 2.050000000000000000e+01 -7.625000000000000000e+00
0.000000000000000000e+00 -4.303854875283447790e+00 1.733333333333333215e+01 -1.122916666666666785e+01
9.000000000000000000e+00 4.380952380952381375e+00 2.900000000000000000e+01 1.500000000000000000e+00
7.000000000000000000e+00 2.510204081632653406e+00 1.900000000000000000e+01 -9.125000000000000000e+00
5.666666666666666963e+00 1.362811791383219173e+00 1.733333333333333215e+01 -1.122916666666666785e+01
0.000000000000000000e+00 -4.619047619047618625e+00 1.900000000000000000e+01 -8.500000000000000000e+00
5.000000000000000000e-01 -3.989795918367346594e+00 2.050000000000000000e+01 -7.625000000000000000e+00
1.000000000000000000e+00 -3.303854875283447790e+00 1.733333333333333215e+01 -1.122916666666666785e+01
1.000000000000000000e+00 -3.619047619047618625e+00 1.700000000000000000e+01 -1.050000000000000000e+01
5.000000000000000000e-01 -3.989795918367346594e+00 2.000000000000000000e+01 -8.125000000000000000e+00
3.333333333333333148e-01 -3.970521541950114308e+00 1.666666666666666785e+01 -1.189583333333333215e+01
0.000000000000000000e+00 -4.619047619047618625e+00 1.400000000000000000e+01 -1.350000000000000000e+01
0.000000000000000000e+00 -4.489795918367346594e+00 2.200000000000000000e+01 -6.125000000000000000e+00
0.000000000000000000e+00 -4.303854875283447790e+00 2.133333333333333215e+01 -7.229166666666667851e+00
1.000000000000000000e+00 -3.619047619047618625e+00 1.200000000000000000e+01 -1.550000000000000000e+01
5.000000000000000000e-01 -3.989795918367346594e+00 1.800000000000000000e+01 -1.012500000000000000e+01
2.000000000000000000e+00 -2.303854875283447790e+00 1.700000000000000000e+01 -1.156250000000000000e+01
0.000000000000000000e+00 -4.619047619047618625e+00 1.300000000000000000e+01 -1.450000000000000000e+01
0.000000000000000000e+00 -4.489795918367346594e+00 1.700000000000000000e+01 -1.112500000000000000e+01
0.000000000000000000e+00 -4.303854875283447790e+00 1.466666666666666607e+01 -1.389583333333333393e+01
0.000000000000000000e+00 -4.619047619047618625e+00 1.500000000000000000e+01 -1.250000000000000000e+01
2.500000000000000000e+00 -1.989795918367346594e+00 1.700000000000000000e+01 -1.112500000000000000e+01
1.666666666666666741e+00 -2.637188208616780827e+00 2.666666666666666785e+01 -1.895833333333332149e+00
0.000000000000000000e+00 -4.619047619047618625e+00 2.500000000000000000e+01 -2.500000000000000000e+00
0.000000000000000000e+00 -4.489795918367346594e+00 2.550000000000000000e+01 -2.625000000000000000e+00
0.000000000000000000e+00 -4.303854875283447790e+00 1.600000000000000000e+01 -1.256250000000000000e+01
1.000000000000000000e+00 -3.619047619047618625e+00 1.300000000000000000e+01 -1.450000000000000000e+01
5.000000000000000000e-01 -3.989795918367346594e+00 2.300000000000000000e+01 -5.125000000000000000e+00
3.333333333333333148e-01 -3.970521541950114308e+00 2.533333333333333215e+01 -3.229166666666667851e+00
1.000000000000000000e+00 -3.619047619047618625e+00 1.900000000000000000e+01 -8.500000000000000000e+00
2.000000000000000000e+00 -2.489795918367346594e+00 2.050000000000000000e+01 -7.625000000000000000e+00
3.000000000000000000e+00 -1.303854875283447790e+00 1.733333333333333215e+01 -1.122916666666666785e+01
0.000000000000000000e+00 -4.619047619047618625e+00 1.700000000000000000e+01 -1.050000000000000000e+01
0.000000000000000000e+00 -4.489795918367346594e+00 2.000000000000000000e+01 -8.125000000000000000e+00
0.000000000000000000e+00 -4.303854875283447790e+00 1.666666666666666785e+01 -1.189583333333333215e+01
0.000000000000000000e+00 -4.619047619047618625e+00 2.800000000000000000e+01 5.000000000000000000e-01
0.000000000000000000e+00 -4.489795918367346594e+00 3.400000000000000000e+01 5.875000000000000000e+00
3.333333333333333148e-01 -3.970521541950114308e+00 1.166666666666666607e+01 -1.689583333333333570e+01
1.100000000000000000e+01 6.380952380952381375e+00 2.800000000000000000e+01 5.000000000000000000e-01
1.400000000000000000e+01 9.510204081632654294e+00 3.400000000000000000e+01 5.875000000000000000e+00
1.000000000000000000e+01 5.696145124716552210e+00 1.166666666666666607e+01 -1.689583333333333570e+01
1.100000000000000000e+01 6.380952380952381375e+00 1.700000000000000000e+01 -1.050000000000000000e+01
1.250000000000000000e+01 8.010204081632654294e+00 2.000000000000000000e+01 -8.125000000000000000e+00
1.100000000000000000e+01 6.696145124716552210e+00 1.666666666666666785e+01 -1.189583333333333215e+01
0.000000000000000000e+00 -4.619047619047618625e+00 2.000000000000000000e+01 -7.500000000000000000e+00
0.000000000000000000e+00 -4.489795918367346594e+00 2.950000000000000000e+01 1.375000000000000000e+00
0.000000000000000000e+00 -4.303854875283447790e+00 2.300000000000000000e+01 -5.562500000000000000e+00
0.000000000000000000e+00 -4.619047619047618625e+00 2.000000000000000000e+01 -7.500000000000000000e+00
0.000000000000000000e+00 -4.489795918367346594e+00 2.950000000000000000e+01 1.375000000000000000e+00
0.000000000000000000e+00 -4.303854875283447790e+00 2.300000000000000000e+01 -5.562500000000000000e+00
0.000000000000000000e+00 -4.619047619047618625e+00 2.600000000000000000e+01 -1.500000000000000000e+00
0.000000000000000000e+00 -4.489795918367346594e+00 1.950000000000000000e+01 -8.625000000000000000e+00
0.000000000000000000e+00 -4.303854875283447790e+00 2.000000000000000000e+01 -8.562500000000000000e+00
0.000000000000000000e+00 -4.619047619047618625e+00 2.800000000000000000e+01 5.000000000000000000e-01
0.000000000000000000e+00 -4.489795918367346594e+00 3.400000000000000000e+01 5.875000000000000000e+00
0.000000000000000000e+00 -4.303854875283447790e+00 1.166666666666666607e+01 -1.689583333333333570e+01
2.800000000000000000e+01 2.338095238095237960e+01 3.700000000000000000e+01 9.500000000000000000e+00
1.800000000000000000e+01 1.351020408163265429e+01 1.350000000000000000e+01 -1.462500000000000000e+01
1.466666666666666607e+01 1.036281179138321917e+01 1.866666666666666785e+01 -9.895833333333332149e+00
0.000000000000000000e+00 -4.619047619047618625e+00 2.600000000000000000e+01 -1.500000000000000000e+00
1.000000000000000000e+00 -3.489795918367346594e+00 1.950000000000000000e+01 -8.625000000000000000e+00
1.666666666666666741e+00 -2.637188208616780827e+00 2.000000000000000000e+01 -8.562500000000000000e+00
0.000000000000000000e+00 -4.619047619047618625e+00 1.400000000000000000e+01 -1.350000000000000000e+01
0.000000000000000000e+00 -4.489795918367346594e+00 1.600000000000000000e+01 -1.212500000000000000e+01
0.000000000000000000e+00 -4.303854875283447790e+00 2.033333333333333215e+01 -8.229166666666667851e+00
8.000000000000000000e+00 3.380952380952381375e+00 1.300000000000000000e+01 -1.450000000000000000e+01
9.000000000000000000e+00 4.510204081632653406e+00 2.300000000000000000e+01 -5.125000000000000000e+00
1.066666666666666607e+01 6.362811791383218285e+00 2.533333333333333215e+01 -3.229166666666667851e+00
3.000000000000000000e+00 -1.619047619047618625e+00 1.500000000000000000e+01 -1.250000000000000000e+01
2.500000000000000000e+00 -1.989795918367346594e+00 2.100000000000000000e+01 -7.125000000000000000e+00
1.666666666666666741e+00 -2.637188208616780827e+00 1.666666666666666785e+01 -1.189583333333333215e+01
0.000000000000000000e+00 -4.619047619047618625e+00 2.100000000000000000e+01 -6.500000000000000000e+00
0.000000000000000000e+00 -4.489795918367346594e+00 1.200000000000000000e+01 -1.612500000000000000e+01
0.000000000000000000e+00 -4.303854875283447790e+00 2.466666666666666785e+01 -3.895833333333332149e+00
0.000000000000000000e+00 -4.619047619047618625e+00 1.000000000000000000e+01 -1.750000000000000000e+01
1.000000000000000000e+00 -3.489795918367346594e+00 1.500000000000000000e+01 -1.312500000000000000e+01
1.000000000000000000e+00 -3.303854875283447790e+00 1.300000000000000000e+01 -1.556250000000000000e+01
0.000000000000000000e+00 -4.619047619047618625e+00 1.900000000000000000e+01 -8.500000000000000000e+00
1.000000000000000000e+00 -3.489795918367346594e+00 1.900000000000000000e+01 -9.125000000000000000e+00
1.333333333333333259e+00 -2.970521541950114752e+00 2.166666666666666785e+01 -6.895833333333332149e+00
0.000000000000000000e+00 -4.619047619047618625e+00 2.000000000000000000e+01 -7.500000000000000000e+00
2.000000000000000000e+00 -2.489795918367346594e+00 1.800000000000000000e+01 -1.012500000000000000e+01
2.000000000000000000e+00 -2.303854875283447790e+00 1.933333333333333215e+01 -9.229166666666667851e+00
1.400000000000000000e+01 9.380952380952381375e+00 2.600000000000000000e+01 -1.500000000000000000e+00
9.000000000000000000e+00 4.510204081632653406e+00 1.950000000000000000e+01 -8.625000000000000000e+00
8.333333333333333925e+00 4.029478458049886136e+00 2.000000000000000000e+01 -8.562500000000000000e+00
9.000000000000000000e+00 4.380952380952381375e+00 1.500000000000000000e+01 -1.250000000000000000e+01
8.000000000000000000e+00 3.510204081632653406e+00 2.100000000000000000e+01 -7.125000000000000000e+00
9.333333333333333925e+00 5.029478458049886136e+00 1.666666666666666785e+01 -1.189583333333333215e+01
0.000000000000000000e+00 -4.619047619047618625e+00 4.000000000000000000e+01 1.250000000000000000e+01
0.000000000000000000e+00 -4.489795918367346594e+00 2.350000000000000000e+01 -4.625000000000000000e+00
0.000000000000000000e+00 -4.303854875283447790e+00 3.333333333333333570e+01 4.770833333333335702e+00
9.000000000000000000e+00 4.380952380952381375e+00 2.300000000000000000e+01 -4.500000000000000000e+00
8.000000000000000000e+00 3.510204081632653406e+00 1.350000000000000000e+01 -1.462500000000000000e+01
6.000000000000000000e+00 1.696145124716552210e+00 2.533333333333333215e+01 -3.229166666666667851e+00
0.000000000000000000e+00 -4.619047619047618625e+00 1.700000000000000000e+01 -1.050000000000000000e+01
0.000000000000000000e+00 -4.489795918367346594e+00 2.000000000000000000e+01 -8.125000000000000000e+00
0.000000000000000000e+00 -4.303854875283447790e+00 1.666666666666666785e+01 -1.189583333333333215e+01
0.000000000000000000e+00 -4.619047619047618625e+00 3.100000000000000000e+01 3.500000000000000000e+00
0.000000000000000000e+00 -4.489795918367346594e+00 1.750000000000000000e+01 -1.062500000000000000e+01
0.000000000000000000e+00 -4.303854875283447790e+00 2.400000000000000000e+01 -4.562500000000000000e+00
0.000000000000000000e+00 -4.619047619047618625e+00 2.500000000000000000e+01 -2.500000000000000000e+00
0.000000000000000000e+00 -4.489795918367346594e+00 2.550000000000000000e+01 -2.625000000000000000e+00
0.000000000000000000e+00 -4.303854875283447790e+00 1.600000000000000000e+01 -1.256250000000000000e+01
0.000000000000000000e+00 -4.619047619047618625e+00 2.200000000000000000e+01 -5.500000000000000000e+00
0.000000000000000000e+00 -4.489795918367346594e+00 2.050000000000000000e+01 -7.625000000000000000e+00
0.000000000000000000e+00 -4.303854875283447790e+00 2.133333333333333215e+01 -7.229166666666667851e+00
0.000000000000000000e+00 -4.619047619047618625e+00 3.200000000000000000e+01 4.500000000000000000e+00
0.000000000000000000e+00 -4.489795918367346594e+00 1.600000000000000000e+01 -1.212500000000000000e+01
0.000000000000000000e+00 -4.303854875283447790e+00 1.700000000000000000e+01 -1.156250000000000000e+01
0.000000000000000000e+00 -4.619047619047618625e+00 1.200000000000000000e+01 -1.550000000000000000e+01
0.000000000000000000e+00 -4.489795918367346594e+00 1.800000000000000000e+01 -1.012500000000000000e+01
0.000000000000000000e+00 -4.303854875283447790e+00 1.700000000000000000e+01 -1.156250000000000000e+01
1.300000000000000000e+01 8.380952380952381375e+00 4.000000000000000000e+01 1.250000000000000000e+01
8.500000000000000000e+00 4.010204081632653406e+00 2.350000000000000000e+01 -4.625000000000000000e+00
5.666666666666666963e+00 1.362811791383219173e+00 3.333333333333333570e+01 4.770833333333335702e+00
0.000000000000000000e+00 -4.619047619047618625e+00 1.200000000000000000e+01 -1.550000000000000000e+01
0.000000000000000000e+00 -4.489795918367346594e+00 1.800000000000000000e+01 -1.012500000000000000e+01
0.000000000000000000e+00 -4.303854875283447790e+00 1.700000000000000000e+01 -1.156250000000000000e+01
2.000000000000000000e+00 -2.619047619047618625e+00 1.400000000000000000e+01 -1.350000000000000000e+01
8.000000000000000000e+00 3.510204081632653406e+00 1.600000000000000000e+01 -1.212500000000000000e+01
1.000000000000000000e+01 5.696145124716552210e+00 2.033333333333333215e+01 -8.229166666666667851e+00
0.000000000000000000e+00 -4.619047619047618625e+00 2.000000000000000000e+01 -7.500000000000000000e+00
0.000000000000000000e+00 -4.489795918367346594e+00 2.950000000000000000e+01 1.375000000000000000e+00
0.000000000000000000e+00 -4.303854875283447790e+00 2.300000000000000000e+01 -5.562500000000000000e+00
5.000000000000000000e+00 3.809523809523813753e-01 2.400000000000000000e+01 -3.500000000000000000e+00
2.500000000000000000e+00 -1.989795918367346594e+00 1.200000000000000000e+01 -1.612500000000000000e+01
1.666666666666666741e+00 -2.637188208616780827e+00 1.833333333333333215e+01 -1.022916666666666785e+01
9.000000000000000000e+00 4.380952380952381375e+00 2.200000000000000000e+01 -5.500000000000000000e+00
4.500000000000000000e+00 1.020408163265340562e-02 2.050000000000000000e+01 -7.625000000000000000e+00
6.666666666666666963e+00 2.362811791383219173e+00 2.133333333333333215e+01 -7.229166666666667851e+00
0.000000000000000000e+00 -4.619047619047618625e+00 2.000000000000000000e+01 -7.500000000000000000e+00
1.000000000000000000e+00 -3.489795918367346594e+00 1.800000000000000000e+01 -1.012500000000000000e+01
1.333333333333333259e+00 -2.970521541950114752e+00 1.933333333333333215e+01 -9.229166666666667851e+00
1.700000000000000000e+01 1.238095238095238138e+01 2.900000000000000000e+01 1.500000000000000000e+00
1.350000000000000000e+01 9.010204081632654294e+00 1.900000000000000000e+01 -9.125000000000000000e+00
1.600000000000000000e+01 1.169614512471655132e+01 1.733333333333333215e+01 -1.122916666666666785e+01
0.000000000000000000e+00 -4.619047619047618625e+00 1.500000000000000000e+01 -1.250000000000000000e+01
1.000000000000000000e+00 -3.489795918367346594e+00 2.100000000000000000e+01 -7.125000000000000000e+00
2.666666666666666519e+00 -1.637188208616781271e+00 1.666666666666666785e+01 -1.189583333333333215e+01
0.000000000000000000e+00 -4.619047619047618625e+00 1.000000000000000000e+01 -1.750000000000000000e+01
0.000000000000000000e+00 -4.489795918367346594e+00 1.500000000000000000e+01 -1.312500000000000000e+01
0.000000000000000000e+00 -4.303854875283447790e+00 1.300000000000000000e+01 -1.556250000000000000e+01
6.000000000000000000e+00 1.380952380952381375e+00 2.400000000000000000e+01 -3.500000000000000000e+00
4.000000000000000000e+00 -4.897959183673465944e-01 1.200000000000000000e+01 -1.612500000000000000e+01
3.666666666666666519e+00 -6.371882086167812709e-01 1.833333333333333215e+01 -1.022916666666666785e+01
2.000000000000000000e+00 -2.619047619047618625e+00 3.100000000000000000e+01 3.500000000000000000e+00
1.500000000000000000e+00 -2.989795918367346594e+00 1.750000000000000000e+01 -1.062500000000000000e+01
1.000000000000000000e+00 -3.303854875283447790e+00 2.400000000000000000e+01 -4.562500000000000000e+00
0.000000000000000000e+00 -4.619047619047618625e+00 3.700000000000000000e+01 9.500000000000000000e+00
0.000000000000000000e+00 -4.489795918367346594e+00 1.350000000000000000e+01 -1.462500000000000000e+01
6.666666666666666297e-01 -3.637188208616781271e+00 1.866666666666666785e+01 -9.895833333333332149e+00
0.000000000000000000e+00 -4.619047619047618625e+00 2.800000000000000000e+01 5.000000000000000000e-01
0.000000000000000000e+00 -4.489795918367346594e+00 3.400000000000000000e+01 5.875000000000000000e+00
0.000000000000000000e+00 -4.303854875283447790e+00 1.166666666666666607e+01 -1.689583333333333570e+01
0.000000000000000000e+00 -4.619047619047618625e+00 2.000000000000000000e+01 -7.500000000000000000e+00
0.000000000000000000e+00 -4.489795918367346594e+00 1.800000000000000000e+01 -1.012500000000000000e+01
0.000000000000000000e+00 -4.303854875283447790e+00 1.933333333333333215e+01 -9.229166666666667851e+00
1.100000000000000000e+01 6.380952380952381375e+00 3.100000000000000000e+01 3.500000000000000000e+00
5.500000000000000000e+00 1.010204081632653406e+00 1.750000000000000000e+01 -1.062500000000000000e+01
6.000000000000000000e+00 1.696145124716552210e+00 2.400000000000000000e+01 -4.562500000000000000e+00
3.000000000000000000e+00 -1.619047619047618625e+00 1.500000000000000000e+01 -1.250000000000000000e+01
2.000000000000000000e+00 -2.489795918367346594e+00 2.100000000000000000e+01 -7.125000000000000000e+00
1.333333333333333259e+00 -2.970521541950114752e+00 1.666666666666666785e+01 -1.189583333333333215e+01
3.000000000000000000e+00 -1.619047619047618625e+00 1.400000000000000000e+01 -1.350000000000000000e+01
2.500000000000000000e+00 -1.989795918367346594e+00 1.600000000000000000e+01 -1.212500000000000000e+01
5.000000000000000000e+00 6.961451247165522105e-01 2.033333333333333215e+01 -8.229166666666667851e+00
5.000000000000000000e+00 3.809523809523813753e-01 2.500000000000000000e+01 -2.500000000000000000e+00
1.050000000000000000e+01 6.010204081632653406e+00 2.550000000000000000e+01 -2.625000000000000000e+00
9.666666666666666075e+00 5.362811791383218285e+00 1.600000000000000000e+01 -1.256250000000000000e+01
2.000000000000000000e+00 -2.619047619047618625e+00 2.100000000000000000e+01 -6.500000000000000000e+00
1.000000000000000000e+00 -3.489795918367346594e+00 1.200000000000000000e+01 -1.612500000000000000e+01
1.666666666666666741e+00 -2.637188208616780827e+00 2.466666666666666785e+01 -3.895833333333332149e+00
0.000000000000000000e+00 -4.619047619047618625e+00 1.400000000000000000e+01 -1.350000000000000000e+01
0.000000000000000000e+00 -4.489795918367346594e+00 1.600000000000000000e+01 -1.212500000000000000e+01
0.000000000000000000e+00 -4.303854875283447790e+00 2.033333333333333215e+01 -8.229166666666667851e+00
0.000000000000000000e+00 -4.619047619047618625e+00 1.300000000000000000e+01 -1.450000000000000000e+01
0.000000000000000000e+00 -4.489795918367346594e+00 2.300000000000000000e+01 -5.125000000000000000e+00
0.000000000000000000e+00 -4.303854875283447790e+00 2.533333333333333215e+01 -3.229166666666667851e+00
0.000000000000000000e+00 -4.619047619047618625e+00 1.900000000000000000e+01 -8.500000000000000000e+00
3.000000000000000000e+00 -1.489795918367346594e+00 2.050000000000000000e+01 -7.625000000000000000e+00
2.666666666666666519e+00 -1.637188208616781271e+00 1.733333333333333215e+01 -1.122916666666666785e+01
